tree
version=v4
num_class=1
num_tree_per_iteration=1
label_index=0
max_feature_idx=2
objective=lambdarank
feature_names=query_id reviews boughtInLastMonth
feature_infos=[0:3] [-0.44467685826002995:9.1898821692141794] [0:5000]
tree_sizes=758 758 972 862 871 874 878 762 766 870 980 879 980 982 983 877 884 874 880 992 991 991 774 775 776 769 883 884 1097 993 672 668 673 993 789 998 671 997 564 567 999 887 1443 1109 1110 1113 681 893 902 890 1226 1001 1332 1332 1334 457 1004 458 456 457 459 894 460 459 459 461 462 896 459 461 460 462 1115 461 1119 461 462 1225 460 461 462 1228 461 460 461 1231 461 1117 462 462 462 1120 461 460 1110 898 461 1010 1346 1351

Tree=0
num_leaves=6
num_cat=0
split_feature=1 0 2 0 2
split_gain=4.49121 0.603214 0.694908 0.288878 0.0709549
threshold=-0.44456336095737847 1.5000000000000002 150.00000000000003 1.0000000180025095e-35 550.00000000000011
decision_type=2 2 2 2 2
left_child=-1 3 -3 -2 -5
right_child=1 2 -4 4 -6
leaf_value=-0.19999999999999982 0.067137684500727796 0.055077379830398412 -0.10372248046730981 0.19999999999999915 0.12355320850474641
leaf_weight=0.87957004457712162 1.4639736530371013 0.79376495536416747 0.42210804764181376 0.2068184230593032 0.29401203524321318
leaf_count=25 80 82 61 35 65
internal_value=0 0.0553071 -5.23079e-05 0.089565 0.155122
internal_weight=0 3.18068 1.21587 1.9648 0.50083
internal_count=348 323 143 180 100
is_linear=0
shrinkage=0.1


Tree=1
num_leaves=6
num_cat=0
split_feature=2 1 1 1 1
split_gain=0.830197 2.22459 3.07794 0.280039 0.136872
threshold=75.000000000000014 -0.35909989206085507 -0.035973071412246656 -0.43673204707443009 -0.4076767375956652
decision_type=2 2 2 2 2
left_child=3 -2 -3 -1 -5
right_child=1 2 -4 4 -6
leaf_value=0.010781253263254562 -0.097178160332020869 0.16695307305488027 -0.054794038203111066 0.086571410388509601 0.031852728162704173
leaf_weight=4.3903288713190705 2.5036177531874273 1.0511727178818548 1.5474254865257533 0.85381677886471152 0.98392738308757521
leaf_count=81 54 79 53 28 53
internal_value=0 -0.0299066 0.0349061 0.0245004 0.0572751
internal_weight=0 5.10222 2.5986 6.22807 1.83774
internal_count=348 186 132 162 81
is_linear=0
shrinkage=0.1


Tree=2
num_leaves=8
num_cat=0
split_feature=1 1 1 1 1 1 1
split_gain=2.74194 1.17045 1.19877 1.75224 0.239853 0.165705 0.102005
threshold=-0.44456336095737847 -0.44252040950965282 -0.35909989206085507 -0.088295327934553816 -0.41550805147861353 0.018051644649831885 -0.26376215783365758
decision_type=2 2 2 2 2 2 2
left_child=-1 -2 4 6 -3 -5 -4
right_child=1 2 3 5 -6 -7 -8
leaf_value=-0.16882457626904993 0.10124270769534996 -0.020910405654558095 0.15318408230129807 -0.094507051517867119 -0.079716778256245874 -0.0096600364295949068 0.098179786688516263
leaf_weight=0.85526262875646342 1.4387289795558897 2.1028766001109038 0.71966412756592013 0.45283439569175321 1.0349213341251009 0.46812910959124565 0.63432855810970068
leaf_count=25 29 67 49 18 58 62 40
internal_value=0 0.0210742 -0.0002349 0.0550345 -0.0403062 -0.051379 0.127415
internal_weight=0 6.85148 5.41275 2.27496 3.1378 0.920964 1.35399
internal_count=348 323 294 169 125 80 89
is_linear=0
shrinkage=0.1


Tree=3
num_leaves=7
num_cat=0
split_feature=1 1 0 2 1 0
split_gain=0.298292 0.975106 1.44241 0.566251 0.390363 0.0691611
threshold=-0.44433636635207563 -0.44388237714146989 1.0000000180025095e-35 650.00000000000011 -0.35909989206085507 1.5000000000000002
decision_type=2 2 2 2 2 2
left_child=-1 -2 -3 4 -4 -6
right_child=1 2 3 -5 5 -7
leaf_value=-0.033562123564915051 0.091655812365010927 -0.089710765695765138 0.010627390482566739 -0.063779277601570566 0.119005902901946 0.070667112841783994
leaf_weight=1.9582845014519987 1.1997802443802346 1.496432546060533 1.1512908546719698 0.51267781667411316 0.5329226576723165 0.66573413100559264
leaf_count=34 9 63 77 67 36 62
internal_value=0 0.0118234 -0.0101496 0.0314409 0.0522146 0.0921585
internal_weight=0 5.55884 4.35906 2.86263 2.34995 1.19866
internal_count=348 314 305 242 175 98
is_linear=0
shrinkage=0.1


Tree=4
num_leaves=7
num_cat=0
split_feature=1 1 1 1 1 2
split_gain=0.640561 0.693604 0.740499 2.15058 0.460617 0.196618
threshold=-0.23096143736739566 -0.44433636635207563 -0.44252040950965282 -0.35909989206085507 -0.06162346181146882 1.0000000180025095e-35
decision_type=2 2 2 2 2 2
left_child=1 -1 -3 5 -2 -4
right_child=4 2 3 -5 -6 -7
leaf_value=-0.056869517309125608 0.0079283381496371309 0.0631909778556458 -0.11887885566505743 0.10885163682005775 -0.14094346741104347 -0.046236825097687895
leaf_weight=1.2151540145277975 0.34869120363146067 2.6965776626020665 0.83000755310058572 0.90386438136920411 0.51448626117780794 0.67612670187372714
leaf_count=34 35 20 66 61 73 59
internal_value=0 0.0110332 0.0271913 -0.0130893 -0.0808049 -0.0862687
internal_weight=0 6.32173 5.10658 2.41 0.863177 1.50613
internal_count=348 240 206 186 108 125
is_linear=0
shrinkage=0.1


Tree=5
num_leaves=7
num_cat=0
split_feature=1 1 2 2 1 1
split_gain=0.628311 0.567591 0.677572 0.541789 0.791965 0.0201689
threshold=-0.44433636635207563 -0.44252040950965282 1.0000000180025095e-35 550.00000000000011 -0.35909989206085507 -0.43037619812595024
decision_type=2 2 2 2 2 2
left_child=-1 -2 5 4 -4 -3
right_child=1 2 3 -5 -6 -7
leaf_value=-0.074748450938479843 0.044344551017439011 -0.10812114423174407 -0.035927892409822616 -0.089309395071683409 0.11545418541132424 -0.077745919560863769
leaf_weight=0.95791410282254208 2.8196191526949406 0.35994278255384415 0.64467880071606476 0.38154785009101022 0.74489660386461753 0.55666419095359776
leaf_count=34 20 34 50 78 64 68
internal_value=0 0.0130013 -0.01988 0.0162404 0.0452221 -0.089674
internal_weight=0 5.50735 2.68773 1.77112 1.38958 0.916607
internal_count=348 314 294 192 114 102
is_linear=0
shrinkage=0.1


Tree=6
num_leaves=7
num_cat=0
split_feature=1 1 2 2 1 0
split_gain=0.502653 0.694705 0.531258 0.75451 0.371652 0.0285312
threshold=-0.44433636635207563 -0.44252040950965282 1.0000000180025095e-35 550.00000000000011 -0.35909989206085507 1.0000000180025095e-35
decision_type=2 2 2 2 2 2
left_child=-1 -2 5 4 -4 -3
right_child=1 2 3 -5 -6 -7
leaf_value=-0.071536956628623305 0.043830812304588088 -0.075402957146701269 -0.019742734063568582 -0.12417217006486413 0.085299319780950636 -0.11233376420637493
leaf_weight=0.85152404196560372 2.9798261653631926 0.46187661075964603 0.60587928607128549 0.35959364764858026 0.75851408997550596 0.38237301260232925
leaf_count=34 20 54 50 78 64 48
internal_value=0 0.0109796 -0.0271364 0.00469116 0.0386538 -0.0921295
internal_weight=0 5.54806 2.56824 1.72399 1.36439 0.84425
internal_count=348 314 294 192 114 102
is_linear=0
shrinkage=0.1


Tree=7
num_leaves=6
num_cat=0
split_feature=1 0 1 1 2
split_gain=1.05377 0.365449 0.328945 0.446453 0.0650061
threshold=-0.23096143736739566 2.5000000000000004 -0.43185166306041878 -0.35909989206085507 650.00000000000011
decision_type=2 2 2 2 2
left_child=1 2 -1 -4 -2
right_child=4 -3 3 -5 -6
leaf_value=-0.013776537272703591 -0.088312962594044364 0.059931844589766241 -0.01676709849926988 0.11089057559474065 -0.14880644329747864
leaf_weight=3.6464350209571417 0.43091959180310357 1.3327580362092701 0.53429218148812596 0.56224735826253969 0.30222498252987862
leaf_count=88 56 36 67 49 52
internal_value=0 0.0136656 0.000665016 0.048689 -0.11325
internal_weight=0 6.07573 4.74297 1.09654 0.733145
internal_count=348 240 204 116 108
is_linear=0
shrinkage=0.1


Tree=8
num_leaves=6
num_cat=0
split_feature=1 0 2 0 1
split_gain=0.7689 0.705957 0.777432 0.355282 0.213616
threshold=-0.44252040950965282 2.5000000000000004 550.00000000000011 1.0000000180025095e-35 -0.35909989206085507
decision_type=2 2 2 2 2
left_child=-1 2 3 -2 -5
right_child=1 -3 -4 4 -6
leaf_value=0.026458502556666805 -0.069986195219558331 -0.15536055980356911 -0.14928055679088165 -0.0062099255392435116 0.076669642712200683
leaf_weight=4.1310114618390799 0.40937590925023037 0.46259924746118475 0.37112119630910445 0.59131884993985329 0.65597256831824724
leaf_count=54 54 46 75 52 67
internal_value=0 -0.0438889 -0.0184589 0.0108474 0.0373779
internal_weight=0 2.49039 2.02779 1.65667 1.24729
internal_count=348 294 248 173 119
is_linear=0
shrinkage=0.1


Tree=9
num_leaves=7
num_cat=0
split_feature=2 2 0 1 1 1
split_gain=0.434874 0.433652 0.28176 0.0949358 0.0378825 0.36059
threshold=150.00000000000003 550.00000000000011 2.5000000000000004 -0.32788813383171306 -0.44388237714146989 -0.43185166306041878
decision_type=2 2 2 2 2 2
left_child=2 3 4 -2 -1 -6
right_child=1 -3 -4 -5 5 -7
leaf_value=0.006201202937719516 -0.050879255082654062 -0.14382952456165005 0.055992241571083429 0.022650278907397962 -0.069008157703709147 0.037375016171225427
leaf_weight=2.8117937128990884 0.32603877666406333 0.37932211207225919 1.1373153557069597 0.38053527241572715 0.62274173041805558 0.65241451538167983
leaf_count=41 37 78 45 45 42 60
internal_value=0 -0.0575811 0.0119686 -0.0112789 -0.000282302 -0.0145788
internal_weight=0 1.0859 5.22427 0.706574 4.08695 1.27516
internal_count=348 160 188 82 143 102
is_linear=0
shrinkage=0.1


Tree=10
num_leaves=8
num_cat=0
split_feature=1 1 0 1 1 2 1
split_gain=0.421712 0.639867 0.544306 0.477554 0.409797 0.0805208 0.0447771
threshold=-0.44433636635207563 -0.44252040950965282 2.5000000000000004 -0.23096143736739566 -0.35909989206085507 75.000000000000014 0.033373780507774335
decision_type=2 2 2 2 2 2 2
left_child=-1 -2 3 4 5 -3 -5
right_child=1 2 -4 6 -6 -7 -8
leaf_value=-0.068771774542259426 0.03701305345008607 0.016605496221779398 -0.13076671077004787 -0.060902894731972704 0.10103107801118541 -0.044658152585367449 -0.12270887993728581
leaf_weight=0.78255543205887068 3.3818292561918497 0.39546373393386591 0.44619917823001731 0.22075855010189149 0.450167518807575 0.46892857144121081 0.24992072535678744
leaf_count=34 20 52 46 46 49 51 50
internal_value=0 0.00958761 -0.0319767 -0.00728532 0.0236629 -0.0166297 -0.0937206
internal_weight=0 5.61327 2.23144 1.78524 1.31456 0.864392 0.470679
internal_count=348 314 294 248 152 103 96
is_linear=0
shrinkage=0.1


Tree=11
num_leaves=7
num_cat=0
split_feature=1 1 2 1 2 0
split_gain=0.339756 0.380344 0.499144 0.179097 0.0205408 0.0118228
threshold=-0.44252040950965282 -0.20610552808673346 1.0000000180025095e-35 -0.35909989206085507 250.00000000000003 1.5000000000000002
decision_type=2 2 2 2 2 2
left_child=-1 2 5 -4 -3 -2
right_child=1 4 3 -5 -6 -7
leaf_value=0.016780238245517175 -0.06542035021951205 -0.086429363513322949 -0.0023431360853214773 0.084185395826984519 -0.12737924900181927 -0.093148234727097781
leaf_weight=4.0786143895238638 0.30433702655136607 0.21983050694689144 0.54409578850027185 0.42687349393963803 0.27664346853271127 0.31083207158371806
leaf_count=54 45 26 59 56 72 36
internal_value=0 -0.0328626 -0.00895361 0.035698 -0.109247 -0.0794307
internal_weight=0 2.08261 1.58614 0.970969 0.496474 0.615169
internal_count=348 294 196 115 98 81
is_linear=0
shrinkage=0.1


Tree=12
num_leaves=8
num_cat=0
split_feature=2 2 1 1 1 1 1
split_gain=0.494384 0.209821 0.157218 0.483264 0.117339 0.142575 0.0151375
threshold=150.00000000000003 550.00000000000011 -0.44365538253616704 -0.44252040950965282 -0.36466125989077486 -0.42538231680928756 -0.27953828290220578
decision_type=2 2 2 2 2 2 2
left_child=2 6 -1 -4 5 -5 -2
right_child=1 -3 3 4 -6 -7 -8
leaf_value=-0.0053289061598923836 -0.019170845455054462 -0.13684046427943095 0.067104695588073915 -0.03143234826017189 -0.052554025678251071 0.054815172860114031 -0.050836213257901774
leaf_weight=2.9086432559415698 0.30873835133388638 0.30107580637559295 1.4764132369309664 0.41411056788638223 0.53241248195990931 0.35681827506050467 0.29542637080885459
leaf_count=44 47 78 8 49 49 38 35
internal_value=0 -0.0686409 0.0109234 0.0279292 -0.0164484 0.00848663 -0.0346547
internal_weight=0 0.905241 5.6884 2.77975 1.30334 0.770929 0.604165
internal_count=348 160 188 144 136 87 82
is_linear=0
shrinkage=0.1


Tree=13
num_leaves=8
num_cat=0
split_feature=1 1 2 1 1 0 2
split_gain=0.411318 0.328698 0.43688 0.333276 0.14459 0.06903 0.0384828
threshold=-0.44433636635207563 -0.44252040950965282 1.0000000180025095e-35 -0.23096143736739566 -0.35909989206085507 2.5000000000000004 650.00000000000011
decision_type=2 2 2 2 2 2 2
left_child=-1 -2 5 4 -4 -3 -5
right_child=1 2 3 6 -6 -7 -8
leaf_value=-0.069144416498745476 0.026338610068635318 -0.057097177500379348 0.0058888170970600208 -0.042906745023896527 0.088607941967219217 -0.12175057052821775 -0.11590475806589001
leaf_weight=0.75700055249035347 3.7423931341618299 0.32126129139214743 0.46772791445255235 0.13864479283802233 0.38545952294953167 0.33982430910691619 0.15073170303367078
leaf_count=34 20 59 59 33 48 43 52
internal_value=0 0.00943778 -0.0256298 0.0118066 0.0432603 -0.0903316 -0.0809303
internal_weight=0 5.54604 1.80365 1.14256 0.853187 0.661086 0.289376
internal_count=348 314 294 192 107 102 85
is_linear=0
shrinkage=0.1


Tree=14
num_leaves=8
num_cat=0
split_feature=1 1 2 1 1 0 2
split_gain=0.316828 0.25567 0.319136 0.270462 0.0965617 0.0583395 0.0300053
threshold=-0.44433636635207563 -0.44252040950965282 1.0000000180025095e-35 -0.23096143736739566 -0.35909989206085507 2.5000000000000004 650.00000000000011
decision_type=2 2 2 2 2 2 2
left_child=-1 -2 5 4 -4 -3 -5
right_child=1 2 3 6 -6 -7 -8
leaf_value=-0.062634697271549522 0.022853265875742101 -0.05206918812988668 0.0062369159376546614 -0.045117437760727533 0.076290406769992408 -0.11455954466635712 -0.11234785024913352
leaf_weight=0.71307981014251698 3.7217048928141594 0.3038942809216677 0.43720111204311207 0.13250161032192431 0.35778756020590663 0.29385549901053309 0.13303768122568727
leaf_count=34 20 59 59 33 48 43 52
internal_value=0 0.0083018 -0.0243563 0.00857867 0.0377647 -0.0827896 -0.0788005
internal_weight=0 5.37998 1.65828 1.06053 0.794989 0.59775 0.265539
internal_count=348 314 294 192 107 102 85
is_linear=0
shrinkage=0.1


Tree=15
num_leaves=7
num_cat=0
split_feature=1 1 2 2 1 0
split_gain=0.248204 0.216397 0.244012 0.434581 0.0724883 0.0512374
threshold=-0.44433636635207563 -0.44252040950965282 550.00000000000011 1.0000000180025095e-35 -0.35909989206085507 2.5000000000000004
decision_type=2 2 2 2 2 2
left_child=-1 -2 3 5 -5 -3
right_child=1 2 -4 4 -6 -7
leaf_value=-0.056905041161585804 0.020494516835116289 -0.047912005198926896 -0.12381556139932937 0.010040550744462815 0.070718044119661982 -0.10921159412685176
leaf_weight=0.67870662733912457 3.6997128129005432 0.2905065002851186 0.21159135829657305 0.40849894611164883 0.3800658260006462 0.25696923304349184
leaf_count=34 20 59 78 50 64 43
internal_value=0 0.00736026 -0.024038 -0.00823605 0.0392854 -0.0766843
internal_weight=0 5.24734 1.54763 1.33604 0.788565 0.547476
internal_count=348 314 294 216 114 102
is_linear=0
shrinkage=0.1


Tree=16
num_leaves=7
num_cat=0
split_feature=1 1 2 1 1 0
split_gain=0.189321 0.155734 0.198067 0.238214 0.0716023 0.0442179
threshold=-0.44433636635207563 -0.44252040950965282 1.0000000180025095e-35 -0.088295327934553816 -0.35909989206085507 2.5000000000000004
decision_type=2 2 2 2 2 2
left_child=-1 -2 5 4 -4 -3
right_child=1 2 3 -5 -6 -7
leaf_value=-0.051015088495034472 0.017381572945644855 -0.044426548499504448 0.0030349012782494291 -0.094618395212175785 0.065148689746274802 -0.10333234629685828
leaf_weight=0.64601063355803479 3.674637708812952 0.28043042868375756 0.40721592144109275 0.18782778421882573 0.34099846426397562 0.23357373801991343
leaf_count=34 20 59 59 62 71 43
internal_value=0 0.00643088 -0.0213199 0.00606757 0.0313432 -0.0711945
internal_weight=0 5.12468 1.45005 0.936042 0.748214 0.514004
internal_count=348 314 294 192 130 102
is_linear=0
shrinkage=0.1


Tree=17
num_leaves=7
num_cat=0
split_feature=1 1 0 1 1 2
split_gain=0.156015 0.129184 0.168637 0.131153 0.140254 0.0724752
threshold=-0.44433636635207563 -0.44252040950965282 2.5000000000000004 -0.19305333828181956 -0.35909989206085507 75.000000000000014
decision_type=2 2 2 2 2 2
left_child=-1 -2 3 4 5 -3
right_child=1 2 -4 -5 -6 -7
leaf_value=-0.047089521178705733 0.015650157322902217 0.017873999952836575 -0.09888263562086641 -0.075103235032299015 0.064919012109114563 -0.05149257857541361
leaf_weight=0.62574250390753139 3.6625549998134375 0.3012758032418783 0.22796629322692741 0.21454555622767679 0.32234892342239618 0.3012128472328186
leaf_count=34 20 52 46 85 60 51
internal_value=0 0.00585815 -0.0203705 -0.00466192 0.0116792 -0.0168057
internal_weight=0 5.0299 1.36735 1.13938 0.924838 0.602489
internal_count=348 314 294 248 163 103
is_linear=0
shrinkage=0.1


Tree=18
num_leaves=7
num_cat=0
split_feature=1 1 2 2 1 0
split_gain=0.109115 0.130372 0.145476 0.339721 0.0581862 0.0224965
threshold=-0.44433636635207563 -0.44252040950965282 1.0000000180025095e-35 550.00000000000011 -0.35909989206085507 2.5000000000000004
decision_type=2 2 2 2 2 2
left_child=-1 -2 5 4 -4 -3
right_child=1 2 3 -5 -6 -7
leaf_value=-0.039464091129980214 0.014718689106267205 -0.048687572792569828 0.0089344839879988962 -0.12159175926886029 0.068901582877112663 -0.09324563459211048
leaf_weight=0.62205256707966317 3.6268663089722395 0.28423850820399799 0.35705693531781402 0.17273802554700524 0.29589489323552731 0.18842039396986365
leaf_count=34 20 59 50 78 64 43
internal_value=0 0.00498429 -0.0222082 0.00311767 0.0361095 -0.0664502
internal_weight=0 4.92522 1.29835 0.82569 0.652952 0.472659
internal_count=348 314 294 192 114 102
is_linear=0
shrinkage=0.1


Tree=19
num_leaves=8
num_cat=0
split_feature=1 1 2 1 2 1 0
split_gain=0.0917533 0.0943329 0.126833 0.147308 0.0378642 0.0610664 0.0211862
threshold=-0.44433636635207563 -0.44252040950965282 1.0000000180025095e-35 -0.12813288116520416 150.00000000000003 -0.32255376060709601 2.5000000000000004
decision_type=2 2 2 2 2 2 2
left_child=-1 -2 6 4 -4 -6 -3
right_child=1 2 3 -5 5 -7 -8
leaf_value=-0.036852994889514032 0.012697216585997432 -0.044439458470085541 0.047676759802308122 -0.085368996892405929 -0.053997385721423513 0.041591963020277338 -0.089073960343384467
leaf_weight=0.60082517517730583 3.6122175827622414 0.27183833462186135 0.35501102521084216 0.14593420305755023 0.12296636682003703 0.14639934164006296 0.17467822297476232
leaf_count=34 20 59 33 68 52 39 43
internal_value=0 0.00458521 -0.0194957 0.00508456 0.0262261 -0.0020449 -0.0619006
internal_weight=0 4.82905 1.21683 0.770311 0.624377 0.269366 0.446517
internal_count=348 314 294 192 124 91 102
is_linear=0
shrinkage=0.1


Tree=20
num_leaves=8
num_cat=0
split_feature=1 1 2 1 1 1 2
split_gain=0.076556 0.075844 0.119024 0.135853 0.0526332 0.012602 0.000693527
threshold=-0.44433636635207563 -0.44252040950965282 1.0000000180025095e-35 -0.23096143736739566 -0.35909989206085507 -0.42538231680928756 750.00000000000011
decision_type=2 2 2 2 2 2 2
left_child=-1 -2 5 4 -4 -3 -5
right_child=1 2 3 6 -6 -7 -8
leaf_value=-0.03421212818292816 0.011314503856527672 -0.080795344994082363 0.0044808706118755195 -0.071290665896121472 0.066487901280792752 -0.045666883569233152 -0.08479606909054592
leaf_weight=0.58268027566373337 3.6081843730062246 0.18074893485754728 0.35949279880151119 0.075669118319638407 0.22107560420408845 0.2347623959649352 0.07642737973947078
leaf_count=34 20 42 59 41 48 60 44
internal_value=0 0.00419117 -0.0181941 0.00605249 0.0280926 -0.0609479 -0.078077
internal_weight=0 4.75636 1.14818 0.732665 0.580568 0.415511 0.152096
internal_count=348 314 294 192 107 102 85
is_linear=0
shrinkage=0.1


Tree=21
num_leaves=8
num_cat=0
split_feature=1 1 0 0 1 1 1
split_gain=0.0735757 0.0660157 0.0986122 0.0852651 0.031101 0.0184394 0.0234527
threshold=-0.44433636635207563 -0.44252040950965282 2.5000000000000004 1.5000000000000002 -0.40279635358165389 -0.21824973947043599 -0.38021039035402021
decision_type=2 2 2 2 2 2 2
left_child=-1 -2 3 5 -5 6 -3
right_child=1 2 -4 4 -6 -7 -8
leaf_value=-0.034159573234338998 0.010608482624607051 -0.047511962729627488 -0.089349492542998579 -0.0044055485565227372 0.047470684098555149 -0.069363417256693524 0.0050268034096501045
leaf_weight=0.56315191648900498 3.6115372572094202 0.18718951940536466 0.16234654875006527 0.20360305113717914 0.26728073449339718 0.11893510096706461 0.15557957882992923
leaf_count=34 20 51 46 26 68 71 32
internal_value=0 0.00408734 -0.017422 -0.00490077 0.0250402 -0.035437 -0.0236651
internal_weight=0 4.70647 1.09493 0.932588 0.470884 0.461704 0.342769
internal_count=348 314 294 248 94 154 83
is_linear=0
shrinkage=0.1


Tree=22
num_leaves=6
num_cat=0
split_feature=2 1 2 1 1
split_gain=0.0458211 0.117306 0.174151 0.0243861 0.0188122
threshold=75.000000000000014 -0.40892520792483084 550.00000000000011 -0.33901086949155274 -0.44308789602290993
decision_type=2 2 2 2 2
left_child=4 -2 3 -3 -1
right_child=1 2 -4 -5 -6
leaf_value=-0.0013257557638474155 -0.097250056224420706 0.0081254532179492068 -0.099217039113325745 0.059874901827625449 0.012020134191008648
leaf_weight=2.8718312974087894 0.16631619178224344 0.17362248536664981 0.1307817479246296 0.19149543065577757 1.6706051412038503
leaf_count=49 20 34 75 57 113
internal_value=0 -0.0245743 -0.000200134 0.0352668 0.00358256
internal_weight=0 0.662216 0.4959 0.365118 4.54244
internal_count=348 186 166 91 162
is_linear=0
shrinkage=0.1


Tree=23
num_leaves=6
num_cat=0
split_feature=2 1 1 1 1
split_gain=0.0405194 0.090504 0.122894 0.047859 0.0183544
threshold=75.000000000000014 -0.40892520792483084 -0.19305333828181956 -0.35909989206085507 -0.44388237714146989
decision_type=2 2 2 2 2
left_child=4 -2 3 -3 -1
right_child=1 2 -4 -5 -6
leaf_value=0.0084767333214329742 -0.096978461886284895 -0.017617007508424671 -0.10182445249703316 0.055442860099405092 -0.0044637160782552724
leaf_weight=2.6979397847317159 0.13367091063992109 0.15981811640085641 0.099926578172017 0.20425041811540723 1.8460713381646199
leaf_count=41 20 34 75 57 121
internal_value=0 -0.0244776 -0.00359111 0.0233712 0.00321949
internal_weight=0 0.597666 0.463995 0.364069 4.54401
internal_count=348 186 166 91 162
is_linear=0
shrinkage=0.1


Tree=24
num_leaves=6
num_cat=0
split_feature=1 0 0 1 2
split_gain=0.0349672 0.0857675 0.0997236 0.0437448 0.0132914
threshold=-0.44252040950965282 2.5000000000000004 1.5000000000000002 -0.36466125989077486 450.00000000000006
decision_type=2 2 2 2 2
left_child=-1 2 4 -4 -2
right_child=1 -3 3 -5 -6
leaf_value=0.0039580190710457675 -0.026901359563298678 -0.08722110288064068 0.062348183616245924 -0.0046544485572443664 -0.065903268142266602
leaf_weight=4.1338208401575685 0.27001283131539811 0.14823476423043758 0.21148468489991501 0.18069716502213851 0.1291811428964138
leaf_count=54 75 46 43 51 79
internal_value=0 -0.0174133 -0.00433742 0.0314768 -0.0395226
internal_weight=0 0.939611 0.791376 0.392182 0.399194
internal_count=348 294 248 94 154
is_linear=0
shrinkage=0.1


Tree=25
num_leaves=6
num_cat=0
split_feature=1 0 0 2 1
split_gain=0.02231 0.0780205 0.072624 0.0279769 0.02278
threshold=-0.44252040950965282 2.5000000000000004 1.5000000000000002 450.00000000000006 -0.36466125989077486
decision_type=2 2 2 2 2
left_child=-1 2 3 -2 -4
right_child=1 -3 4 -5 -6
leaf_value=0.003123276773658373 -0.015316752558686114 -0.08341678356597497 0.051363422159076945 -0.074788043326451989 0.0026352550542315814
leaf_weight=4.1263295854441822 0.27292297291569401 0.13805114710703492 0.2077122182236053 0.11138401989592239 0.17828565591480583
leaf_count=54 75 46 43 79 51
internal_value=0 -0.0141879 -0.00178092 -0.0325534 0.0288567
internal_weight=0 0.908356 0.770305 0.384307 0.385998
internal_count=348 294 248 154 94
is_linear=0
shrinkage=0.1


Tree=26
num_leaves=7
num_cat=0
split_feature=1 0 1 1 2 1
split_gain=0.0171597 0.286299 0.0263868 0.0876963 0.0143631 0.00638838
threshold=-0.44388237714146989 1.0000000180025095e-35 -0.37385454140554036 -0.19305333828181956 150.00000000000003 0.033373780507774335
decision_type=2 2 2 2 2 2
left_child=-1 -2 -3 4 -4 -5
right_child=1 2 3 5 -6 -7
leaf_value=0.0053144313578623965 -0.085716822211263033 0.0159033543021227 -0.0075634442056041438 -0.063914852586645435 0.03484772586756673 -0.11436668192694499
leaf_weight=2.7439247430302203 0.3792196500580759 1.4584489404223859 0.1619301299797371 0.043698706489521899 0.15754042589105666 0.058962209557648748
leaf_count=43 63 72 29 35 55 51
internal_value=0 -0.00645296 0.00953062 -0.0124869 0.0133508 -0.0928913
internal_weight=0 2.2598 1.88058 0.422131 0.319471 0.102661
internal_count=348 305 242 170 84 86
is_linear=0
shrinkage=0.1


Tree=27
num_leaves=7
num_cat=0
split_feature=1 0 2 1 1 1
split_gain=0.0127963 0.0362875 0.0318743 0.0116787 0.0172915 0.0311002
threshold=-0.44308789602290993 1.5000000000000002 450.00000000000006 -0.44252040950965282 -0.42084242470323052 -0.36466125989077486
decision_type=2 2 2 2 2 2
left_child=-1 2 -2 -3 -5 -6
right_child=1 3 -4 4 5 -7
leaf_value=-0.0043116766206027389 -0.0049923552531326854 0.017632648600370636 -0.071771904830916264 -0.03218348220290719 0.04728081132134726 -0.012595899681170404
leaf_weight=2.8742258194833994 0.27821254637092363 1.1911011934280393 0.096185663220239803 0.12864073232049111 0.14094962109811593 0.22556972992606494
leaf_count=51 76 2 79 26 39 75
internal_value=0 0.00601398 -0.0221485 0.0122669 -0.000640496 0.0104304
internal_weight=0 2.06066 0.374398 1.68626 0.49516 0.366519
internal_count=348 297 155 142 140 114
is_linear=0
shrinkage=0.1


Tree=28
num_leaves=9
num_cat=0
split_feature=1 1 0 1 0 1 1 1
split_gain=0.0756854 0.0210396 0.180887 0.0161011 0.093872 0.0305314 0.0743728 0.00481482
threshold=-0.44433636635207563 -0.44388237714146989 1.0000000180025095e-35 -0.44252040950965282 2.5000000000000004 -0.25581734664805783 -0.17841218623978564 -0.3939435639748427
decision_type=2 2 2 2 2 2 2 2
left_child=-1 -2 -3 -4 5 7 -7 -5
right_child=1 2 3 4 -6 6 -8 -9
leaf_value=-0.036521793060909601 0.011033720405962989 -0.070562018402002588 0.016416985253206392 0.015038245245906901 -0.082116784551735308 0.052905303978203477 -0.10427519037559962 0.03710983114830544
leaf_weight=0.50870567141100753 2.2328764386475086 0.33340247371234011 1.1885729432106016 0.16681082866853092 0.12227448867633939 0.057681989972479641 0.062963218922959863 0.24254149466287345
leaf_count=34 9 63 2 36 46 21 74 63
internal_value=0 0.00421562 -0.00278632 0.00948879 -0.00313579 0.0150857 -0.0291252 0.0281157
internal_weight=0 4.40712 2.17425 1.84084 0.652272 0.529998 0.120645 0.409352
internal_count=348 314 305 242 240 194 95 99
is_linear=0
shrinkage=0.1


Tree=29
num_leaves=8
num_cat=0
split_feature=1 1 0 0 1 1 1
split_gain=0.0136965 0.0201536 0.0792377 0.0244253 0.0176786 0.0102292 0.0518983
threshold=-0.44308789602290993 -0.44252040950965282 2.5000000000000004 1.5000000000000002 -0.40279635358165389 -0.32255376060709601 -0.22778351289315577
decision_type=2 2 2 2 2 2 2
left_child=-1 -2 3 5 -5 -3 -7
right_child=1 2 -4 4 -6 6 -8
leaf_value=-0.0044492260595825339 0.014540681683591156 -0.028844207577976962 -0.085335969323716454 -0.0017384434413463747 0.044225589557105198 0.060419182762915004 -0.054292031410161139
leaf_weight=2.847169166430831 1.1988591616973279 0.17969780275598135 0.10866160469595343 0.14227339276112616 0.20317638013511896 0.083176302025094295 0.075007071805885617
leaf_count=51 3 64 46 26 68 16 74
internal_value=0 0.00636294 -0.00601592 0.00659736 0.0252953 -0.0125194 0.00602565
internal_weight=0 1.99085 0.791993 0.683331 0.34545 0.337881 0.158183
internal_count=348 297 294 248 94 154 90
is_linear=0
shrinkage=0.1


Tree=30
num_leaves=5
num_cat=0
split_feature=1 0 1 1
split_gain=0.0127294 0.0170692 0.0101087 0.0430372
threshold=-0.44308789602290993 1.5000000000000002 -0.32255376060709601 -0.22778351289315577
decision_type=2 2 2 2
left_child=-1 2 -2 -4
right_child=1 -3 3 -5
leaf_value=-0.0042723673336781771 -0.029790251994030955 0.01047394679804654 0.055416058009654212 -0.051736969265082838
leaf_weight=2.8425787347368896 0.18683781404979494 1.6185554416442756 0.079722489695995713 0.070745485689258536
leaf_count=51 65 142 16 74
internal_value=0 0.00620927 -0.0142547 0.00503595
internal_weight=0 1.95586 0.337306 0.150468
internal_count=348 297 155 90
is_linear=0
shrinkage=0.1


Tree=31
num_leaves=5
num_cat=0
split_feature=1 0 1 1
split_gain=0.0134977 0.014016 0.0073562 0.015891
threshold=-0.44308789602290993 1.5000000000000002 -0.42538231680928756 -0.23096143736739566
decision_type=2 2 2 2
left_child=-1 2 -2 -4
right_child=1 -3 3 -5
leaf_value=-0.0043928665081450647 -0.03379093275292553 0.010235304163824826 0.018562239631881975 -0.03771728708803207
leaf_weight=2.8403790444135666 0.10837089596316185 1.6167736804636661 0.13808882038574632 0.078800770279486065
leaf_count=51 34 142 45 76
internal_value=0 0.00642486 -0.0125157 -0.00188535
internal_weight=0 1.94203 0.32526 0.21689
internal_count=348 297 155 121
is_linear=0
shrinkage=0.1


Tree=32
num_leaves=5
num_cat=0
split_feature=1 0 1 1
split_gain=0.0127986 0.0133516 0.00897608 0.0273471
threshold=-0.44308789602290993 1.5000000000000002 -0.32255376060709601 -0.22778351289315577
decision_type=2 2 2 2
left_child=-1 2 -2 -4
right_child=1 -3 3 -5
leaf_value=-0.0042668000410832794 -0.027649931049564692 0.0099653107097830481 0.046551184927377851 -0.041775595323226444
leaf_weight=2.842923094984144 0.17490318766795065 1.6140612591989338 0.076805152231827045 0.064481986366445532
leaf_count=51 65 142 16 74
internal_value=0 0.00628424 -0.0125066 0.00623976
internal_weight=0 1.93025 0.31619 0.141287
internal_count=348 297 155 90
is_linear=0
shrinkage=0.1


Tree=33
num_leaves=8
num_cat=0
split_feature=1 1 0 0 1 1 1
split_gain=0.0131731 0.0123103 0.075344 0.0175711 0.00994109 0.00442381 0.0187891
threshold=-0.44308789602290993 -0.44252040950965282 2.5000000000000004 1.5000000000000002 -0.36466125989077486 -0.32255376060709601 -0.23096143736739566
decision_type=2 2 2 2 2 2 2
left_child=-1 -2 3 5 -5 -3 -7
right_child=1 2 -4 4 -6 6 -8
leaf_value=-0.0043263366361127337 0.012678090120860425 -0.02005546690367338 -0.084126512051875255 0.040450542425219588 0.0057854063480686406 0.044156938725334036 -0.029972706499106314
leaf_weight=2.8391488515771925 1.188708860427141 0.15901441266760197 0.10071514389710501 0.18268039746908471 0.15119698503986001 0.063816516660153533 0.073655214830069426
leaf_count=51 3 64 46 43 51 14 76
internal_value=0 0.0063982 -0.00381268 0.00901931 0.0247524 -0.00869792 0.00443943
internal_weight=0 1.91979 0.731079 0.630364 0.333877 0.296486 0.137472
internal_count=348 297 294 248 94 154 90
is_linear=0
shrinkage=0.1


Tree=34
num_leaves=6
num_cat=0
split_feature=1 0 1 0 1
split_gain=0.0126607 0.00996944 0.0065476 0.00472221 0.00558837
threshold=-0.44308789602290993 1.5000000000000002 -0.42538231680928756 1.0000000180025095e-35 -0.27238795283516598
decision_type=2 2 2 2 2
left_child=-1 2 -2 -4 -5
right_child=1 -3 3 4 -6
leaf_value=-0.0042322157252591194 -0.031575279272289467 0.009475086983216096 0.020843787254324682 0.014864811534442768 -0.027151222891361061
leaf_weight=2.8350199619308114 0.098007583059370185 1.5959504490019754 0.070356689393520355 0.051145046367309654 0.08307405927917022
leaf_count=51 34 142 21 24 76
internal_value=0 0.0063198 -0.0103225 -0.000140784 -0.0111407
internal_weight=0 1.89853 0.302583 0.204576 0.134219
internal_count=348 297 155 121 100
is_linear=0
shrinkage=0.1


Tree=35
num_leaves=8
num_cat=0
split_feature=1 1 1 1 1 1 1
split_gain=0.0116272 0.00996044 0.0290183 0.0314479 0.0347416 0.0367434 0.0139566
threshold=-0.44308789602290993 -0.44252040950965282 -0.43185166306041878 -0.23096143736739566 -0.32255376060709601 -0.37385454140554036 -0.12813288116520416
decision_type=2 2 2 2 2 2 2
left_child=-1 -2 -3 4 5 -4 -5
right_child=1 2 3 6 -6 -7 -8
leaf_value=-0.0040575344425886721 0.011673515902280386 -0.040967401736878607 0.027784790152782426 0.0067333995415068655 0.061215103026539014 -0.043671200048182375 -0.068151801879054646
leaf_weight=2.8307469002902508 1.1850675484165547 0.15880195744102787 0.18906619318295237 0.039102513634134084 0.13690856494940817 0.11618301004637033 0.068463550473098267
leaf_count=51 3 42 71 22 37 36 86
internal_value=0 0.00606559 -0.00331412 0.007563 0.01936 0.000587432 -0.0409295
internal_weight=0 1.89359 0.708526 0.549724 0.442158 0.305249 0.107566
internal_count=348 297 294 252 144 107 108
is_linear=0
shrinkage=0.1


Tree=36
num_leaves=5
num_cat=0
split_feature=1 0 1 1
split_gain=0.0105574 0.0106606 0.00447199 0.00993849
threshold=-0.44308789602290993 1.5000000000000002 -0.32255376060709601 -0.23096143736739566
decision_type=2 2 2 2
left_child=-1 2 -2 -4
right_child=1 -3 3 -5
leaf_value=-0.0038528429619547042 -0.023055370701849098 0.0090367671992900352 0.030828648051108871 -0.02477860538710246
leaf_weight=2.832356617320329 0.15955153410322931 1.586172339040786 0.06199104827828672 0.06674823090725146
leaf_count=51 65 142 14 76
internal_value=0 0.00582168 -0.0118677 0.00199762
internal_weight=0 1.87446 0.288291 0.128739
internal_count=348 297 155 90
is_linear=0
shrinkage=0.1


Tree=37
num_leaves=8
num_cat=0
split_feature=1 1 1 1 1 1 1
split_gain=0.0108504 0.0097499 0.0292588 0.0226321 0.0224277 0.0383192 0.0123845
threshold=-0.44308789602290993 -0.44252040950965282 -0.43185166306041878 -0.23096143736739566 -0.32255376060709601 -0.38021039035402021 -0.17841218623978564
decision_type=2 2 2 2 2 2 2
left_child=-1 -2 -3 4 5 -4 -5
right_child=1 2 3 6 -6 -7 -8
leaf_value=-0.003908971413214446 0.011400686672220056 -0.044061120897519242 0.030537594600539328 0.0093939437763694185 0.050985319187223432 -0.041197330890095106 -0.063666201976079931
leaf_weight=2.8264213628135622 1.1847070585936306 0.14166580809978735 0.18657687865197625 0.037129368865862489 0.1329940966097638 0.12392617121804506 0.0618521223950671
leaf_count=51 3 42 65 16 37 42 92
internal_value=0 0.00591184 -0.00359299 0.00697508 0.0166245 0.00190717 -0.0362603
internal_weight=0 1.86885 0.684144 0.542479 0.443497 0.310503 0.0989815
internal_count=348 297 294 252 144 107 108
is_linear=0
shrinkage=0.1


Tree=38
num_leaves=4
num_cat=0
split_feature=1 0 1
split_gain=0.0105973 0.0126141 0.00517171
threshold=-0.44308789602290993 1.5000000000000002 -0.24662406513329241
decision_type=2 2 2
left_child=-1 2 -2
right_child=1 -3 -4
leaf_value=-0.0038318699533795571 -0.022577491875529206 0.0094251379574007699 0.0077508840832844345
leaf_weight=2.831420530565083 0.19517728802747991 1.553714657376986 0.078977276862133294
leaf_count=51 73 142 82
internal_value=0 0.0059356 -0.0138406
internal_weight=0 1.82787 0.274155
internal_count=348 297 155
is_linear=0
shrinkage=0.1


Tree=39
num_leaves=4
num_cat=0
split_feature=1 0 1
split_gain=0.0115372 0.00925312 0.00354939
threshold=-0.44308789602290993 1.5000000000000002 -0.24662406513329241
decision_type=2 2 2
left_child=-1 2 -2
right_child=1 -3 -4
leaf_value=-0.0039975114972077138 -0.018254326922272544 0.0091704668774130662 0.0069234582228318567
leaf_weight=2.8300250889733434 0.19108227384276655 1.5542001812136732 0.079197445520549081
leaf_count=51 73 142 82
internal_value=0 0.00620066 -0.0108767
internal_weight=0 1.82448 0.27028
internal_count=348 297 155
is_linear=0
shrinkage=0.1


Tree=40
num_leaves=8
num_cat=0
split_feature=1 1 0 0 1 1 1
split_gain=0.011628 0.00748077 0.0575009 0.0137723 0.0192524 0.00326792 0.00746303
threshold=-0.44308789602290993 -0.44252040950965282 2.5000000000000004 1.5000000000000002 -0.39712148844908263 -0.41800499213694486 -0.24662406513329241
decision_type=2 2 2 2 2 2 2
left_child=-1 -2 3 5 -5 -3 -7
right_child=1 2 -4 4 -6 6 -8
leaf_value=-0.0040204217260463053 0.010929043672752927 0.0081165592666863542 -0.076868421466073839 -0.0053477382402949657 0.046635980110103385 -0.035704532613674761 0.0066106700441963973
leaf_weight=2.8223648178391159 1.1843833494931457 0.089908162131905223 0.089403826219495386 0.12407335545867682 0.16732300451258197 0.087412304477765823 0.079664819480968263
leaf_count=51 3 36 46 28 66 36 82
internal_value=0 0.00622718 -0.0025043 0.00961945 0.0245019 -0.0072558 -0.015528
internal_weight=0 1.82217 0.637785 0.548382 0.291396 0.256985 0.167077
internal_count=348 297 294 248 94 154 118
is_linear=0
shrinkage=0.1


Tree=41
num_leaves=7
num_cat=0
split_feature=1 1 0 1 1 1
split_gain=0.0614767 0.0123426 0.101872 0.00532167 0.0373659 0.0123093
threshold=-0.44433636635207563 -0.44388237714146989 1.0000000180025095e-35 -0.38021039035402021 -0.22778351289315577 -0.06162346181146882
decision_type=2 2 2 2 2 2
left_child=-1 -2 -3 -4 -5 -6
right_child=1 2 3 4 5 -7
leaf_value=-0.034801506364921284 0.0088398355696830706 -0.058931643791772806 0.0098084519911610241 0.014509333040052886 -0.022668835925237937 -0.11016651738408896
leaf_weight=0.45751223480328906 2.250850360840559 0.2707594282692295 1.3728189674438902 0.21998315094970111 0.028715612250379663 0.036534397149809439
leaf_count=34 9 63 66 80 31 65
internal_value=0 0.00380942 -0.00206089 0.00722608 -0.00520279 -0.07166
internal_weight=0 4.17966 1.92881 1.65805 0.285233 0.06525
internal_count=348 314 305 242 176 96
is_linear=0
shrinkage=0.1


Tree=42
num_leaves=12
num_cat=0
split_feature=1 1 0 1 0 1 1 1 1 1 1
split_gain=0.0556746 0.00719222 0.0757544 0.00499855 0.0527762 0.0129633 0.0506594 0.0523674 0.0411112 0.0297497 0.00516313
threshold=-0.44433636635207563 -0.44388237714146989 1.0000000180025095e-35 -0.44252040950965282 2.5000000000000004 -0.40892520792483084 -0.37385454140554036 -0.33901086949155274 -0.27238795283516598 -0.21824973947043599 1.0000000180025095e-35
decision_type=2 2 2 2 2 2 2 2 2 2 2
left_child=-1 -2 -3 -4 5 -5 -7 -8 -9 -10 -11
right_child=1 2 3 4 -6 6 7 8 9 10 -12
leaf_value=-0.033589580215624096 0.007422142400122872 -0.051664880456497489 0.010447194953511653 -0.019724290130583653 -0.074541345951417606 0.094461382564404672 -0.081812702991771485 0.087792251286703926 0.034323239884356288 -0.040688418492939193 -0.10924858023725659
leaf_weight=0.44566838210448612 2.2546016369014978 0.2548423794796687 1.1687427163124078 0.090746721602044444 0.082321394758764654 0.075382820097729009 0.058376979781314176 0.068614998133852523 0.058858570177107494 0.022329997256750778 0.021618383951135911
leaf_count=34 9 63 2 23 46 27 18 26 19 30 51
internal_value=0 0.00360162 -0.000927558 0.00692313 -0.00168896 0.0134585 0.0233255 -9.77617e-06 0.0278478 -0.01216 -0.0744134
internal_weight=0 4.15644 1.90183 1.64699 0.47825 0.395928 0.305182 0.229799 0.171422 0.102807 0.0439484
internal_count=348 314 305 242 240 194 171 144 126 100 81
is_linear=0
shrinkage=0.1


Tree=43
num_leaves=9
num_cat=0
split_feature=1 1 0 1 0 1 1 1
split_gain=0.0512844 0.00448737 0.0553338 0.005036 0.0495452 0.0144136 0.0290553 0.0167708
threshold=-0.44433636635207563 -0.44388237714146989 1.0000000180025095e-35 -0.44252040950965282 2.5000000000000004 -0.40279635358165389 -0.27238795283516598 -0.21824973947043599
decision_type=2 2 2 2 2 2 2 2
left_child=-1 -2 -3 -4 5 -5 -7 -8
right_child=1 2 3 4 -6 6 7 -9
leaf_value=-0.032477921680937404 0.0064758023735301531 -0.044604044928843449 0.0099989761659191548 -0.017778442423740281 -0.076716936211573591 0.052537388609794969 0.019384671993743399 -0.066635103773551904
leaf_weight=0.43908432312309731 2.2535481844097376 0.24330032430589166 1.1666705608367913 0.10679949691984747 0.074643287662183866 0.15547163691371624 0.051662161014973562 0.040380906211796574
leaf_count=34 9 63 2 30 46 64 19 81
internal_value=0 0.00348456 -0.000181116 0.00659246 -0.00267251 0.0129264 0.0261752 -0.0183537
internal_weight=0 4.09248 1.83893 1.59563 0.428957 0.354314 0.247515 0.0920431
internal_count=348 314 305 242 240 194 164 100
is_linear=0
shrinkage=0.1


Tree=44
num_leaves=9
num_cat=0
split_feature=1 1 1 1 1 1 1 1
split_gain=0.0118668 0.00291429 0.0153671 0.0107653 0.0156737 0.0141836 0.0103753 0.00166339
threshold=-0.44308789602290993 -0.44252040950965282 -0.43185166306041878 -0.23096143736739566 -0.20610552808673346 -0.32255376060709601 -0.38906317996083134 0.18909207974553016
decision_type=2 2 2 2 2 2 2 2
left_child=-1 -2 -3 5 -5 6 -4 -6
right_child=1 2 3 4 7 -7 -8 -9
leaf_value=-0.0040386897036577274 0.0093311326457616792 -0.031855285440893243 0.020650461620122972 0.034958742874536652 -0.081747688848576611 0.046911430958316853 -0.020982934246977867 -0.043974633038228128
leaf_weight=2.7808753326535225 1.1751837711781261 0.11573973111808267 0.1439003654522818 0.027765204024035484 0.019631673218100887 0.10716910054907203 0.10248950601089746 0.028703443924314342
leaf_count=51 3 42 59 10 54 37 48 44
internal_value=0 0.00652743 0.000486215 0.00919823 -0.0249201 0.0165419 0.00333244 -0.0593164
internal_weight=0 1.72058 0.545399 0.429659 0.0761003 0.353559 0.24639 0.0483351
internal_count=348 297 294 252 108 144 107 98
is_linear=0
shrinkage=0.1


Tree=45
num_leaves=9
num_cat=0
split_feature=1 1 1 1 1 1 1 1
split_gain=0.0105825 0.00325659 0.0117578 0.00855701 0.0119489 0.011471 0.00240014 0.00168644
threshold=-0.44308789602290993 -0.44252040950965282 -0.43185166306041878 -0.23096143736739566 -0.20610552808673346 -0.35909989206085507 -0.40427181851612243 0.18909207974553016
decision_type=2 2 2 2 2 2 2 2
left_child=-1 -2 -3 5 -5 6 -4 -6
right_child=1 2 3 4 7 -7 -8 -9
leaf_value=-0.0037999920685557972 0.0091421670963037199 -0.029140669015620003 0.0099857606696684073 0.027596714437000569 -0.079686410821267317 0.035882832985706013 -0.011911071875840021 -0.040003934990426572
leaf_weight=2.7809418439865112 1.1746781226247547 0.11156913818558645 0.096923215663991535 0.02790558704873547 0.017793611041270752 0.14126107899937779 0.10352684732060879 0.026900288459728472
leaf_count=51 3 42 40 10 54 61 43 44
internal_value=0 0.00621418 -0.000326195 0.00743322 -0.0237457 0.0140574 -0.00132334 -0.0558024
internal_weight=0 1.70056 0.52588 0.414311 0.0725995 0.341711 0.20045 0.0446939
internal_count=348 297 294 252 108 144 83 98
is_linear=0
shrinkage=0.1


Tree=46
num_leaves=5
num_cat=0
split_feature=1 0 1 1
split_gain=0.00947325 0.00436309 0.00569216 0.00934386
threshold=-0.44308789602290993 1.5000000000000002 -0.41800499213694486 -0.24662406513329241
decision_type=2 2 2 2
left_child=-1 2 -2 -4
right_child=1 -3 3 -5
leaf_value=-0.0035922464388801652 0.013112821642815825 0.0079281834277172541 -0.041615298437789078 0.0097603587474004438
leaf_weight=2.7779807210899889 0.088607027777470315 1.4587551112344954 0.080808624275959695 0.062999541631143408
leaf_count=51 37 142 36 82
internal_value=0 0.00590076 -0.00682438 -0.0191086
internal_weight=0 1.69117 0.232415 0.143808
internal_count=348 297 155 118
is_linear=0
shrinkage=0.1


Tree=47
num_leaves=7
num_cat=0
split_feature=1 1 1 1 1 1
split_gain=0.00885679 0.0034276 0.0108355 0.00921567 0.00939768 0.00737655
threshold=-0.44308789602290993 -0.44252040950965282 -0.43185166306041878 -0.23096143736739566 -0.35909989206085507 -0.20610552808673346
decision_type=2 2 2 2 2 2
left_child=-1 -2 -3 4 -4 -5
right_child=1 2 3 5 -6 -7
leaf_value=-0.003472804561397199 0.0086920569873817684 -0.028693393449344164 -0.00046793703798704133 0.012786179485306205 0.033689397012039046 -0.053016705737464288
leaf_weight=2.7778019760735333 1.174437243491411 0.111455689067952 0.19731049152323943 0.028689159080386162 0.1361125425901264 0.041940353665268604
leaf_count=51 3 42 83 10 61 98
internal_value=0 0.00570831 -0.00108929 0.00652516 0.013476 -0.0262881
internal_weight=0 1.68995 0.515508 0.404053 0.333423 0.0706295
internal_count=348 297 294 252 144 108
is_linear=0
shrinkage=0.1


Tree=48
num_leaves=7
num_cat=0
split_feature=1 1 1 1 1 1
split_gain=0.00899411 0.00536658 0.0180307 0.0275848 0.00491908 0.00902174
threshold=-0.44308789602290993 -0.36466125989077486 -0.32255376060709601 -0.27238795283516598 -0.20610552808673346 0.20577618323528971
decision_type=2 2 2 2 2 2
left_child=-1 -2 -3 -4 -5 -6
right_child=1 2 3 4 5 -7
leaf_value=-0.0034895177612349233 0.0080215284112265563 -0.055374816946302786 0.060499018144759435 -0.0064660919955765971 -0.091049084956297016 0.0070731375971340941
leaf_weight=2.7806963089387864 1.4507708325982092 0.060309773078187967 0.063259061775169934 0.065658863808493728 0.023155764836702453 0.015739645969006233
leaf_count=51 125 27 22 25 57 41
internal_value=0 0.0057796 -0.00847819 0.00837581 -0.0231606 -0.0513424
internal_weight=0 1.67889 0.228123 0.167813 0.104554 0.0388954
internal_count=348 297 172 145 123 98
is_linear=0
shrinkage=0.1


Tree=49
num_leaves=7
num_cat=0
split_feature=1 1 0 1 1 1
split_gain=0.0391597 0.00457538 0.0510026 0.0824386 0.0048298 0.0056819
threshold=-0.44433636635207563 -0.44388237714146989 1.5000000000000002 -0.44308789602290993 -0.41800499213694486 -0.24662406513329241
decision_type=2 2 2 2 2 2
left_child=-1 -2 3 -3 -5 -6
right_child=1 2 -4 4 5 -7
leaf_value=-0.028670580010957288 0.006064404698303081 -0.11432716612792614 0.0073437928041396403 0.014270371631015214 -0.032998740999505366 0.0075729420520860777
leaf_weight=0.43028041510842729 2.2487262487411499 0.095946034416555914 1.4404368566756602 0.089009766001253876 0.079999116773251 0.060716034917278283
leaf_count=34 9 8 142 37 36 82
internal_value=0 0.00307269 -0.000736556 -0.0364758 -0.00396069 -0.0154928
internal_weight=0 4.01483 1.76611 0.325671 0.229725 0.140715
internal_count=348 314 305 163 155 118
is_linear=0
shrinkage=0.1


Tree=50
num_leaves=10
num_cat=0
split_feature=1 1 0 1 0 1 1 1 1
split_gain=0.0271136 0.00330766 0.0458301 0.00482987 0.0442117 0.0131756 0.0243539 0.00572314 0.00604413
threshold=-0.44433636635207563 -0.44388237714146989 1.0000000180025095e-35 -0.44252040950965282 2.5000000000000004 -0.40892520792483084 -0.27238795283516598 -0.22778351289315577 -0.075924121945548428
decision_type=2 2 2 2 2 2 2 2 2
left_child=-1 -2 -3 -4 5 -5 -7 -8 -9
right_child=1 2 3 4 -6 6 7 8 -10
leaf_value=-0.023833920466096697 0.0051115850908738086 -0.041876469082185869 0.0087756774271115761 -0.025014788075887091 -0.080371712359601125 0.04583989566940002 0.0020379722356096536 -0.01386360295055286 -0.098819393657076871
leaf_weight=0.43093142099678505 2.2431030124425888 0.23412845551501926 1.1645339131355279 0.073936595057602417 0.063297274842625484 0.15475782065186594 0.037101331632583778 0.017309563088928726 0.016222806647422705
leaf_count=34 9 63 2 23 46 71 16 24 60
internal_value=0 0.00256486 -0.000678552 0.00563749 -0.00444047 0.0116163 0.0236326 -0.0250233 -0.0549648
internal_weight=0 4.00439 1.76129 1.52716 0.362625 0.299328 0.225392 0.0706337 0.0335324
internal_count=348 314 305 242 240 194 171 100 84
is_linear=0
shrinkage=0.1


Tree=51
num_leaves=8
num_cat=0
split_feature=1 1 0 1 1 1 1
split_gain=0.0284826 0.00196937 0.0342996 0.058336 0.00307689 0.00339959 0.00177021
threshold=-0.44433636635207563 -0.44388237714146989 1.5000000000000002 -0.44308789602290993 -0.41800499213694486 -0.24662406513329241 -0.22778351289315577
decision_type=2 2 2 2 2 2 2
left_child=-1 -2 3 -3 -5 -6 -7
right_child=1 2 -4 4 5 6 -8
leaf_value=-0.02457021061985493 0.0045844507117370273 -0.10380892555350765 0.0066427726126716095 0.010557633872392979 -0.027016897030438688 0.021871785216529938 -0.011724947419488992
leaf_weight=0.42617916571907688 2.2467313352972269 0.079700825735926628 1.4255843175633345 0.08537894650362432 0.080601622292306274 0.029466218198649585 0.033528077226947173
leaf_count=34 9 8 142 37 36 8 74
internal_value=0 0.00263034 9.87932e-05 -0.0301238 -0.00447578 -0.0134143 0.00399026
internal_weight=0 3.98099 1.73426 0.308676 0.228975 0.143596 0.0629943
internal_count=348 314 305 163 155 118 82
is_linear=0
shrinkage=0.1


Tree=52
num_leaves=11
num_cat=0
split_feature=1 1 1 1 1 1 1 1 1 1
split_gain=0.0272761 0.00166143 0.00279872 0.0112047 0.0264205 0.023757 0.0165201 0.00368045 0.00882926 0.00121901
threshold=-0.44433636635207563 -0.44308789602290993 -0.44252040950965282 -0.40279635358165389 -0.37385454140554036 -0.34582070765063827 -0.27238795283516598 -0.20610552808673346 0.20577618323528971 -0.43185166306041878
decision_type=2 2 2 2 2 2 2 2 2 2
left_child=-1 -2 -3 9 -5 -6 -7 -8 -9 -4
right_child=1 2 3 4 5 6 7 8 -10 -11
leaf_value=-0.024583525276919316 0.00080944351305002626 0.0075835347849481597 -0.026604884786510765 0.08057789371817442 -0.068734419355015272 0.045596085530982149 -5.5344370994814429e-05 -0.084864337323181951 0.016334779955903087 -0.011171406502265752
leaf_weight=0.40927311941049982 2.3339385683648288 1.1721533350646496 0.10605946872965433 0.046341586683411151 0.043481129978317767 0.085360185825265944 0.0615730358986184 0.019732992666831817 0.015310238268284593 0.098900184326339513
leaf_count=34 17 3 42 27 18 40 25 57 41 44
internal_value=0 0.00252616 0.00495606 -0.0015038 0.0118087 -0.0023264 0.013541 -0.0147796 -0.0406509 -0.0191577
internal_weight=0 3.98285 1.64891 0.476759 0.271799 0.225458 0.181976 0.0966163 0.0350432 0.20496
internal_count=348 314 297 294 208 181 163 123 98 86
is_linear=0
shrinkage=0.1


Tree=53
num_leaves=11
num_cat=0
split_feature=1 1 1 1 1 1 1 1 1 1
split_gain=0.0270707 0.0016638 0.00268309 0.0118577 0.0153647 0.0109111 0.0144585 0.00394111 0.00752245 0.000427766
threshold=-0.44433636635207563 -0.44308789602290993 -0.44252040950965282 -0.40279635358165389 -0.36466125989077486 -0.32255376060709601 -0.27238795283516598 -0.20610552808673346 0.20577618323528971 -0.43185166306041878
decision_type=2 2 2 2 2 2 2 2 2 2
left_child=-1 -2 -3 9 -5 -6 -7 -8 -9 -4
right_child=1 2 3 4 5 6 7 8 -10 -11
leaf_value=-0.024420690085666413 0.00082548574655205535 0.0075171172122080847 -0.024539535013134758 0.060350013092497462 -0.039132536400484141 0.052772122166259684 0.0046280028851216669 -0.083142866162064941 0.012265331294980003 -0.015196187794282962
leaf_weight=0.4112176673952489 2.3339984393678606 1.1727055469527841 0.10187587043037638 0.05338433338329196 0.052623501978814602 0.058255800511687994 0.059113730443641543 0.017634846080909594 0.01555172202643007 0.094410543737467378
leaf_count=34 17 3 42 36 27 22 25 57 41 44
internal_value=0 0.0025362 0.00499248 -0.00154536 0.0126084 6.44996e-05 0.0137649 -0.0108546 -0.0384332 -0.0200455
internal_weight=0 3.95955 1.62556 0.45285 0.256564 0.20318 0.150556 0.0923003 0.0331866 0.196286
internal_count=348 314 297 294 208 172 145 123 98 86
is_linear=0
shrinkage=0.1


Tree=54
num_leaves=11
num_cat=0
split_feature=1 1 1 1 1 0 1 1 1 1
split_gain=0.0242055 0.00148937 0.00311717 0.010398 0.0157353 0.0120118 0.00934281 0.00979203 0.00267099 0.00709759
threshold=-0.44433636635207563 -0.44308789602290993 -0.44252040950965282 -0.40279635358165389 -0.37385454140554036 1.0000000180025095e-35 -0.33901086949155274 -0.27238795283516598 -0.20610552808673346 0.20577618323528971
decision_type=2 2 2 2 2 2 2 2 2 2
left_child=-1 -2 -3 5 -5 -4 -6 -8 -9 -10
right_child=1 2 3 4 6 -7 7 8 9 -11
leaf_value=-0.023254131728637592 0.00077926758026565892 0.0074177618561449502 0.0069771754273401645 0.067378435127786587 -0.042553409195458872 -0.043266371472243915 0.036908952851201923 0.0009761194845778941 -0.08317844003290327 0.011430097449113007
leaf_weight=0.40586156677454699 2.334510556422174 1.173072868026793 0.08877218293491751 0.041373207583092153 0.041580286982934922 0.1025507696904242 0.075513584772124887 0.055118567019235343 0.015717123220383766 0.016003812554117758
leaf_count=34 17 3 40 27 24 46 34 25 57 41
internal_value=0 0.00239287 0.00473303 -0.00247993 0.0111485 -0.0199538 -0.000259173 0.0105728 -0.0123285 -0.0354466
internal_weight=0 3.94421 1.6097 0.43663 0.245307 0.191323 0.203933 0.162353 0.0868395 0.0317209
internal_count=348 314 297 294 208 86 181 157 123 98
is_linear=0
shrinkage=0.1


Tree=55
num_leaves=3
num_cat=0
split_feature=1 0
split_gain=0.0203556 0.00158016
threshold=-0.44433636635207563 1.5000000000000002
decision_type=2 2
left_child=-1 -2
right_child=1 -3
leaf_value=-0.021392310088000535 0.0007007127131949774 0.0048851789683491556
leaf_weight=0.40339334658347059 2.5254274242288375 1.4042444345541301
leaf_count=34 171 143
internal_value=0 0.00219601
internal_weight=0 3.92967
internal_count=348 314
is_linear=0
shrinkage=0.1


Tree=56
num_leaves=8
num_cat=0
split_feature=1 1 0 1 1 1 1
split_gain=0.0174985 0.00168001 0.0356298 0.0411047 0.00446527 0.00649785 0.0016213
threshold=-0.44433636635207563 -0.44388237714146989 1.5000000000000002 -0.44252040950965282 -0.41800499213694486 -0.24662406513329241 -0.21824973947043599
decision_type=2 2 2 2 2 2 2
left_child=-1 -2 3 -3 -5 -6 -7
right_child=1 2 -4 4 5 6 -8
leaf_value=-0.019890453757673211 0.0038117840093084584 -0.09180007845335246 0.0062583626602322629 0.010374026797727916 -0.038192875855605594 0.027591397580593525 -0.0092943077497596189
leaf_weight=0.40129579580388952 2.2567597012966871 0.08300617802888155 1.3855682753492147 0.078720728284679353 0.076230080449022353 0.023483547149226069 0.024192842323827901
leaf_count=34 9 9 142 36 36 11 71
internal_value=0 0.00203209 -0.000371165 -0.0325301 -0.00825016 -0.0200825 0.00887417
internal_weight=0 3.92796 1.6712 0.285633 0.202627 0.123906 0.0476764
internal_count=348 314 305 163 154 118 82
is_linear=0
shrinkage=0.1


Tree=57
num_leaves=3
num_cat=0
split_feature=1 0
split_gain=0.0153997 0.00148495
threshold=-0.44433636635207563 1.5000000000000002
decision_type=2 2
left_child=-1 -2
right_child=1 -3
leaf_value=-0.018623937034414468 0.00045928983090177922 0.0045187458593630471
leaf_weight=0.40263597341254342 2.5168990597885568 1.4036383504135304
leaf_count=34 171 143
internal_value=0 0.00191266
internal_weight=0 3.92054
internal_count=348 314
is_linear=0
shrinkage=0.1


Tree=58
num_leaves=3
num_cat=0
split_feature=1 0
split_gain=0.0131112 0.00150215
threshold=-0.44433636635207563 1.5000000000000002
decision_type=2 2
left_child=-1 -2
right_child=1 -3
leaf_value=-0.017211645256369989 0.00030143591160032454 0.004385441034839138
leaf_weight=0.40145922708325077 2.5162357536682975 1.4026615914044671
leaf_count=34 171 143
internal_value=0 0.00176319
internal_weight=0 3.9189
internal_count=348 314
is_linear=0
shrinkage=0.1


Tree=59
num_leaves=3
num_cat=0
split_feature=1 0
split_gain=0.0110736 0.00152232
threshold=-0.44433636635207563 1.5000000000000002
decision_type=2 2
left_child=-1 -2
right_child=1 -3
leaf_value=-0.015833321679443405 0.00014810334907346438 0.0042604889037551035
leaf_weight=0.40072462311945845 2.5154892371283495 1.4017754808883185
leaf_count=34 171 143
internal_value=0 0.0016197
internal_weight=0 3.91726
internal_count=348 314
is_linear=0
shrinkage=0.1


Tree=60
num_leaves=3
num_cat=0
split_feature=1 0
split_gain=0.00925888 0.00154757
threshold=-0.44433636635207563 1.5000000000000002
decision_type=2 2
left_child=-1 -2
right_child=1 -3
leaf_value=-0.014482831161907293 -2.6806482868625229e-06 0.0041446686533154415
leaf_weight=0.40046251611784089 2.5146651416325767 1.4009835011238467
leaf_count=34 171 143
internal_value=0 0.0014812
internal_weight=0 3.91565
internal_count=348 314
is_linear=0
shrinkage=0.1


Tree=61
num_leaves=7
num_cat=0
split_feature=1 1 0 1 1 1
split_gain=0.00761968 0.00168042 0.0353804 0.0320076 0.00141441 0.000185023
threshold=-0.44433636635207563 -0.44388237714146989 1.5000000000000002 -0.44252040950965282 -0.32255376060709601 -0.24015471888216114
decision_type=2 2 2 2 2 2
left_child=-1 -2 3 -3 -5 -6
right_child=1 2 -4 4 5 -7
leaf_value=-0.013134300147774567 0.0031328593761354982 -0.087462574145360197 0.0055915975576561194 -0.018928995063452698 -0.0074104108644194068 0.0023405878255116203
leaf_weight=0.4006768325343727 2.2431621216237545 0.078343856148421764 1.3823349865997443 0.13131462718592957 0.034971680724993348 0.043869838562386687
leaf_count=34 9 9 142 64 11 79
internal_value=0 0.00134458 -0.00105625 -0.0329091 -0.0125722 -0.00198466
internal_weight=0 3.914 1.67083 0.2885 0.210156 0.0788415
internal_count=348 314 305 163 154 90
is_linear=0
shrinkage=0.1


Tree=62
num_leaves=3
num_cat=0
split_feature=1 0
split_gain=0.00772887 0.00135321
threshold=-0.44433636635207563 1.5000000000000002
decision_type=2 2
left_child=-1 -2
right_child=1 -3
leaf_value=-0.013219146935266064 -3.3102421868883715e-05 0.0038478244414992557
leaf_weight=0.40112581220455457 2.5089718197959883 1.3996559499937578
leaf_count=34 171 143
internal_value=0 0.00135663
internal_weight=0 3.90863
internal_count=348 314
is_linear=0
shrinkage=0.1


Tree=63
num_leaves=3
num_cat=0
split_feature=1 0
split_gain=0.00629632 0.00139008
threshold=-0.44433636635207563 1.5000000000000002
decision_type=2 2
left_child=-1 -2
right_child=1 -3
leaf_value=-0.011922552128730035 -0.00018312070745347484 0.0037511478176921863
leaf_weight=0.40165220294147719 2.508023077960388 1.3990444995142755
leaf_count=34 171 143
internal_value=0 0.00122566
internal_weight=0 3.90707
internal_count=348 314
is_linear=0
shrinkage=0.1


Tree=64
num_leaves=3
num_cat=0
split_feature=1 0
split_gain=0.00497819 0.00144046
threshold=-0.44433636635207563 1.5000000000000002
decision_type=2 2
left_child=-1 -2
right_child=1 -3
leaf_value=-0.010585189861575257 -0.00034279512541088525 0.0036629367519087084
leaf_weight=0.40276053640991438 2.506886685059726 1.3985214658314364
leaf_count=34 171 143
internal_value=0 0.00109165
internal_weight=0 3.90541
internal_count=348 314
is_linear=0
shrinkage=0.1


Tree=65
num_leaves=3
num_cat=0
split_feature=1 0
split_gain=0.00391476 0.00176688
threshold=-0.44433636635207563 1.5000000000000002
decision_type=2 2
left_child=-1 -2
right_child=1 -3
leaf_value=-0.0093538901983550842 -0.00061960812250007726 0.003816466894947862
leaf_weight=0.40533530944958318 2.5035865867575922 1.3999074975872647
leaf_count=34 171 143
internal_value=0 0.000971299
internal_weight=0 3.90349
internal_count=348 314
is_linear=0
shrinkage=0.1


Tree=66
num_leaves=3
num_cat=0
split_feature=1 0
split_gain=0.00272443 0.00185905
threshold=-0.44433636635207563 1.5000000000000002
decision_type=2 2
left_child=-1 -2
right_child=1 -3
leaf_value=-0.0077730151526647293 -0.00081930612175854986 0.0037320210660644285
leaf_weight=0.40820466424338508 2.5018916072367574 1.3994638820877301
leaf_count=34 171 143
internal_value=0 0.000813311
internal_weight=0 3.90136
internal_count=348 314
is_linear=0
shrinkage=0.1


Tree=67
num_leaves=7
num_cat=0
split_feature=0 1 1 1 1 1
split_gain=0.00188634 0.0115445 0.04231 0.00878816 0.000767032 0.00490614
threshold=2.5000000000000004 -0.44388237714146989 -0.40279635358165389 -0.27238795283516598 -0.19305333828181956 0.26161685613979108
decision_type=2 2 2 2 2 2
left_child=1 -1 -3 -4 -5 -6
right_child=-2 2 3 4 5 -7
leaf_value=0.0012588518455555681 0.0033354010711064068 -0.041375725709604003 0.035354366459654014 -0.00039663259404116913 -0.062432527207628978 0.021700867049417805
leaf_weight=2.6286359690129757 1.2169700085505608 0.27094657882116746 0.12639938818756502 0.040473996370565257 0.014414765708352206 0.013350490320590325
leaf_count=43 48 79 68 25 56 29
internal_value=0 -0.00131182 -0.0158255 0.0197416 -0.0091778 -0.0219783
internal_weight=0 3.09422 0.465585 0.194639 0.0682393 0.0277653
internal_count=348 300 257 178 110 85
is_linear=0
shrinkage=0.1


Tree=68
num_leaves=3
num_cat=0
split_feature=1 0
split_gain=0.00476475 0.00152408
threshold=-0.44433636635207563 1.5000000000000002
decision_type=2 2
left_child=-1 -2
right_child=1 -3
leaf_value=-0.010408126794935899 -0.00041245884401008929 0.0037114820933688074
leaf_weight=0.39898957521654654 2.5003379833869985 1.396771710860776
leaf_count=34 171 143
internal_value=0 0.00106561
internal_weight=0 3.89711
internal_count=348 314
is_linear=0
shrinkage=0.1


Tree=69
num_leaves=3
num_cat=0
split_feature=1 0
split_gain=0.00379846 0.00156286
threshold=-0.44433636635207563 1.5000000000000002
decision_type=2 2
left_child=-1 -2
right_child=1 -3
leaf_value=-0.0092808173067690167 -0.00054428804502807575 0.0036324999820418293
leaf_weight=0.39993638801388431 2.4993666437221691 1.3963363752991429
leaf_count=34 171 143
internal_value=0 0.000952798
internal_weight=0 3.8957
internal_count=348 314
is_linear=0
shrinkage=0.1


Tree=70
num_leaves=3
num_cat=0
split_feature=1 0
split_gain=0.00294528 0.00161174
threshold=-0.44433636635207563 1.5000000000000002
decision_type=2 2
left_child=-1 -2
right_child=1 -3
leaf_value=-0.0081575368216445544 -0.00068021856509216806 0.003562046502191159
leaf_weight=0.40125125902704883 2.4982469940405281 1.3960169463098284
leaf_count=34 171 143
internal_value=0 0.00084055
internal_weight=0 3.89426
internal_count=348 314
is_linear=0
shrinkage=0.1


Tree=71
num_leaves=3
num_cat=0
split_feature=1 0
split_gain=0.00231918 0.00170539
threshold=-0.44433636635207563 1.5000000000000002
decision_type=2 2
left_child=-1 -2
right_child=1 -3
leaf_value=-0.0072153902205410667 -0.00081650614603439361 0.0035482475861772877
leaf_weight=0.40361254848539818 2.4970842148068186 1.3953944391105326
leaf_count=34 171 143
internal_value=0 0.000748192
internal_weight=0 3.89248
internal_count=348 314
is_linear=0
shrinkage=0.1


Tree=72
num_leaves=9
num_cat=0
split_feature=0 1 1 1 1 1 1 1
split_gain=0.00176671 0.010036 0.0375752 0.0191473 0.0180776 0.00948531 0.00054859 0.00403855
threshold=2.5000000000000004 -0.44388237714146989 -0.44252040950965282 -0.35909989206085507 -0.27238795283516598 -0.41550805147861353 -0.19305333828181956 0.26161685613979108
decision_type=2 2 2 2 2 2 2 2
left_child=1 -1 -3 5 -5 -4 -6 -8
right_child=-2 2 3 4 6 -7 7 -9
leaf_value=0.001098501916237321 0.0032261724232298759 -0.080155196591261912 -0.0019419209993053839 0.065700438326354846 -0.00066707846927043912 -0.041565665668644419 -0.058460876885867478 0.018331869343837005
leaf_weight=2.6260712230578065 1.2167416924348797 0.074078290257603041 0.14274815563112497 0.065576900495216361 0.03926160588162031 0.10474488505860802 0.013361891549720784 0.014048646335140802
leaf_count=43 48 9 54 35 25 49 56 29
internal_value=0 -0.00127452 -0.0150062 -0.00229726 0.0284209 -0.0187116 -0.00824633 -0.0191025
internal_weight=0 3.07989 0.45382 0.379742 0.132249 0.247493 0.0666721 0.0274105
internal_count=348 300 257 248 145 103 110 85
is_linear=0
shrinkage=0.1


Tree=73
num_leaves=3
num_cat=0
split_feature=1 0
split_gain=0.00246122 0.0017848
threshold=-0.44433636635207563 1.5000000000000002
decision_type=2 2
left_child=-1 -2
right_child=1 -3
leaf_value=-0.0074258804195393938 -0.00082566972653186875 0.0036508073108251315
leaf_weight=0.40420084795914579 2.4925307647026784 1.3858965378894939
leaf_count=34 171 143
internal_value=0 0.000773931
internal_weight=0 3.87843
internal_count=348 314
is_linear=0
shrinkage=0.1


Tree=74
num_leaves=9
num_cat=0
split_feature=0 1 1 1 1 1 1 1
split_gain=0.00176178 0.00912382 0.0314755 0.0138564 0.014351 0.00446034 0.000413907 0.00371152
threshold=2.5000000000000004 -0.44388237714146989 -0.44308789602290993 -0.35909989206085507 -0.27238795283516598 -0.41550805147861353 -0.22778351289315577 0.20577618323528971
decision_type=2 2 2 2 2 2 2 2
left_child=1 -1 -3 5 -5 -4 -6 -8
right_child=-2 2 3 4 6 -7 7 -9
leaf_value=0.00096756473204961382 0.0032198590058532882 -0.077369103784465335 -0.0062368216640471853 0.057897880504151344 -0.00060054268059413554 -0.033649286392854409 -0.046558883953049059 0.018620969995477948
leaf_weight=2.6224664517212659 1.216670269903261 0.067583291325718275 0.15135234768968076 0.062256616598460934 0.030225647380575649 0.097655269433744363 0.018980285796715068 0.016186644512345083
leaf_count=43 48 8 55 35 17 49 59 34
internal_value=0 -0.00127738 -0.0145299 -0.0032547 0.0235339 -0.0169874 -0.00918211 -0.0165579
internal_weight=0 3.06671 0.44424 0.376657 0.127649 0.249008 0.0653926 0.0351669
internal_count=348 300 257 249 145 104 110 93
is_linear=0
shrinkage=0.1


Tree=75
num_leaves=3
num_cat=0
split_feature=1 0
split_gain=0.0027698 0.00179151
threshold=-0.44433636635207563 1.5000000000000002
decision_type=2 2
left_child=-1 -2
right_child=1 -3
leaf_value=-0.0078679920286376746 -0.00077774882946491557 0.0037157201826156063
leaf_weight=0.40501565951853979 2.4893051278122584 1.3786704607482536
leaf_count=34 171 143
internal_value=0 0.000823868
internal_weight=0 3.86798
internal_count=348 314
is_linear=0
shrinkage=0.1


Tree=76
num_leaves=3
num_cat=0
split_feature=1 0
split_gain=0.00193541 0.00186571
threshold=-0.44433636635207563 1.5000000000000002
decision_type=2 2
left_child=-1 -2
right_child=1 -3
leaf_value=-0.0065548912820440515 -0.00094420360499718333 0.0036422212014920437
leaf_weight=0.40749555814545591 2.4878747878574359 1.3783186647924597
leaf_count=34 171 143
internal_value=0 0.000690881
internal_weight=0 3.86619
internal_count=348 314
is_linear=0
shrinkage=0.1


Tree=77
num_leaves=10
num_cat=0
split_feature=0 1 1 1 1 1 1 1 1
split_gain=0.00164717 0.00924645 0.0264843 0.0108207 0.0110419 0.00198683 0.00389638 0.00226109 0.0013459
threshold=2.5000000000000004 -0.44388237714146989 -0.44308789602290993 -0.35909989206085507 -0.30598315441998791 -0.26376215783365758 -0.19305333828181956 0.3216569292423952 -0.43037619812595024
decision_type=2 2 2 2 2 2 2 2 2
left_child=1 -1 -3 8 -5 -6 -7 -8 -4
right_child=-2 2 3 4 5 6 7 -9 -10
leaf_value=0.0010205314743214446 0.0031127350165873948 -0.071510434621771909 -0.0075076044431970426 0.06439714246638209 -0.020109095358472984 0.039014238292941435 -0.042144754466541645 0.015239617036290128 -0.022402047675781543
leaf_weight=2.6170859003905207 1.2163325705914756 0.069043180905282608 0.10506356519181281 0.038656537188217155 0.031246924307197443 0.026415857486426941 0.014383986126631276 0.013138144058757462 0.14357683900743734
leaf_count=43 48 8 40 26 12 22 59 26 64
internal_value=0 -0.00123783 -0.014624 -0.00407956 0.0200711 -4.39292e-05 0.0115801 -0.0147514 -0.0161084
internal_weight=0 3.05861 0.441525 0.372482 0.123841 0.0851849 0.053938 0.0275221 0.24864
internal_count=348 300 257 249 145 119 107 85 104
is_linear=0
shrinkage=0.1


Tree=78
num_leaves=3
num_cat=0
split_feature=1 0
split_gain=0.00347223 0.00188353
threshold=-0.44433636635207563 1.5000000000000002
decision_type=2 2
left_child=-1 -2
right_child=1 -3
leaf_value=-0.0088258647321060764 -0.000718623905250139 0.0038956551904567684
leaf_weight=0.40356105752289284 2.4869385096062615 1.3730493128095989
leaf_count=34 171 143
internal_value=0 0.000922737
internal_weight=0 3.85999
internal_count=348 314
is_linear=0
shrinkage=0.1


Tree=79
num_leaves=3
num_cat=0
split_feature=1 0
split_gain=0.00266311 0.00193388
threshold=-0.44433636635207563 1.5000000000000002
decision_type=2 2
left_child=-1 -2
right_child=1 -3
leaf_value=-0.0077142454758893156 -0.00085389853285307543 0.003822418011330533
leaf_weight=0.40499994950368989 2.4858457358313899 1.3726733099174455
leaf_count=34 171 143
internal_value=0 0.000809707
internal_weight=0 3.85852
internal_count=348 314
is_linear=0
shrinkage=0.1


Tree=80
num_leaves=3
num_cat=0
split_feature=1 0
split_gain=0.00193593 0.00199215
threshold=-0.44433636635207563 1.5000000000000002
decision_type=2 2
left_child=-1 -2
right_child=1 -3
leaf_value=-0.0065596726353268579 -0.00099687964847310182 0.0037501786475271936
leaf_weight=0.40696832910180081 2.4846206573347445 1.3723230450705162
leaf_count=34 171 143
internal_value=0 0.000692151
internal_weight=0 3.85694
internal_count=348 314
is_linear=0
shrinkage=0.1


Tree=81
num_leaves=10
num_cat=0
split_feature=0 1 1 1 1 1 1 1 1
split_gain=0.00160021 0.00794381 0.0222217 0.00899469 0.0100871 0.00325975 0.00674425 0.00291463 0.00104779
threshold=2.5000000000000004 -0.44388237714146989 -0.44252040950965282 -0.35909989206085507 -0.30598315441998791 -0.26376215783365758 -0.22778351289315577 0.20577618323528971 -0.43037619812595024
decision_type=2 2 2 2 2 2 2 2 2
left_child=1 -1 -3 8 -5 -6 -7 -8 -4
right_child=-2 2 3 4 5 6 7 -9 -10
leaf_value=0.00086254189035998765 0.0030665864001918441 -0.061475669946490008 -0.0065034592128742647 0.060796340607271876 -0.028896665238230968 0.059015397455157083 -0.04200398458015938 0.015873315384022528 -0.020078997131487565
leaf_weight=2.6121661134529859 1.2163146373350171 0.079634335823357216 0.096622557030059397 0.039170191099401674 0.027550987259019277 0.020314591412898264 0.017662096146523032 0.017149282088212203 0.13813411229057249
leaf_count=43 48 9 39 26 12 14 59 34 64
internal_value=0 -0.00122358 -0.0137151 -0.00304958 0.018995 -0.00080942 0.0132281 -0.0134916 -0.0144915
internal_weight=0 3.0484 0.436238 0.356604 0.121847 0.082677 0.055126 0.0348114 0.234757
internal_count=348 300 257 248 145 119 107 93 103
is_linear=0
shrinkage=0.1


Tree=82
num_leaves=3
num_cat=0
split_feature=1 0
split_gain=0.0029103 0.00185397
threshold=-0.44433636635207563 1.5000000000000002
decision_type=2 2
left_child=-1 -2
right_child=1 -3
leaf_value=-0.0080667587499070534 -0.00078124521981936602 0.0038037266738027669
leaf_weight=0.40469841565936793 2.4819568493730912 1.3680285901209575
leaf_count=34 171 143
internal_value=0 0.000847949
internal_weight=0 3.84999
internal_count=348 314
is_linear=0
shrinkage=0.1


Tree=83
num_leaves=3
num_cat=0
split_feature=1 0
split_gain=0.00225653 0.00188959
threshold=-0.44433636635207563 1.5000000000000002
decision_type=2 2
left_child=-1 -2
right_child=1 -3
leaf_value=-0.0070913304003003587 -0.00089721862951486024 0.003732288970374001
leaf_weight=0.40591771178878833 2.4810238645950449 1.367669779530843
leaf_count=34 171 143
internal_value=0 0.000747921
internal_weight=0 3.84869
internal_count=348 314
is_linear=0
shrinkage=0.1


Tree=84
num_leaves=3
num_cat=0
split_feature=1 0
split_gain=0.00167878 0.00195638
threshold=-0.44433636635207563 1.5000000000000002
decision_type=2 2
left_child=-1 -2
right_child=1 -3
leaf_value=-0.0061033298138996979 -0.0010279647057390927 0.0036836021585845286
leaf_weight=0.40750695846509177 2.4797526005240798 1.3671959962230178
leaf_count=34 171 143
internal_value=0 0.000646514
internal_weight=0 3.84695
internal_count=348 314
is_linear=0
shrinkage=0.1


Tree=85
num_leaves=10
num_cat=0
split_feature=0 1 1 1 1 1 1 1 1
split_gain=0.00151806 0.0072204 0.0214328 0.00710685 0.00754668 0.00225094 0.00449987 0.00242415 0.000421662
threshold=2.5000000000000004 -0.44388237714146989 -0.44308789602290993 -0.35909989206085507 -0.30598315441998791 -0.26376215783365758 -0.22778351289315577 0.20577618323528971 -0.43037619812595024
decision_type=2 2 2 2 2 2 2 2 2
left_child=1 -1 -3 8 -5 -6 -7 -8 -4
right_child=-2 2 3 4 5 6 7 -9 -10
leaf_value=0.00077798528002178953 0.0029855385889490139 -0.064355617638859289 -0.0086312566620555999 0.053945668679334029 -0.024350217273895927 0.046894443439529469 -0.038440878845210427 0.014405754195984942 -0.017099573450656064
leaf_weight=2.6109584146179259 1.216278420659364 0.068826228380203358 0.10438356280792505 0.037054445478133968 0.026547891437076143 0.021532594342716149 0.016891799576114641 0.017855370751931332 0.13464350599679176
leaf_count=43 48 8 40 26 12 14 59 34 64
internal_value=0 -0.001195 -0.0132384 -0.00343592 0.0164338 -0.000347751 0.0109745 -0.0112848 -0.0134014
internal_weight=0 3.03869 0.427735 0.358909 0.119882 0.0828277 0.0562798 0.0347472 0.239027
internal_count=348 300 257 249 145 119 107 93 104
is_linear=0
shrinkage=0.1


Tree=86
num_leaves=3
num_cat=0
split_feature=1 0
split_gain=0.00239988 0.00188568
threshold=-0.44433636635207563 1.5000000000000002
decision_type=2 2
left_child=-1 -2
right_child=1 -3
leaf_value=-0.007311344205141213 -0.00087114469110134143 0.0037584461711236798
leaf_weight=0.40603423491120327 2.4777831594692543 1.3641831654676937
leaf_count=34 171 143
internal_value=0 0.000772704
internal_weight=0 3.84197
internal_count=348 314
is_linear=0
shrinkage=0.1


Tree=87
num_leaves=9
num_cat=0
split_feature=1 1 0 0 1 1 1 0
split_gain=0.00195228 0.0123324 0.0301284 0.012893 0.0143004 0.0021634 0.00192901 0.000666931
threshold=-0.44365538253616704 -0.44252040950965282 2.5000000000000004 1.5000000000000002 -0.40279635358165389 -0.43185166306041878 -0.32255376060709601 1.0000000180025095e-35
decision_type=2 2 2 2 2 2 2 2
left_child=-1 -2 3 5 -5 -3 -7 -8
right_child=1 2 -4 4 -6 6 7 -9
leaf_value=-0.0016716812057381806 0.0077784794922324558 -0.00093282329927566853 -0.080415263684312011 -0.013515604603887149 0.05244853312067399 -0.034167200711541383 -0.00061178286005123808 -0.020193337059616883
leaf_weight=2.6416539455531165 1.2082228469662366 0.060559801990165973 0.056135289516532794 0.059412025380879641 0.073551061825128272 0.078168236330384055 0.031777649244759787 0.038425862647272879
leaf_count=46 8 27 46 26 68 37 11 79
internal_value=0 0.00274925 -0.012517 -0.00136888 0.0229737 -0.0168604 -0.0233614 -0.0113297
internal_weight=0 1.60625 0.39803 0.341895 0.132963 0.208932 0.148372 0.0702035
internal_count=348 302 294 248 94 154 127 90
is_linear=0
shrinkage=0.1


Tree=88
num_leaves=3
num_cat=0
split_feature=1 0
split_gain=0.00297868 0.00169597
threshold=-0.44433636635207563 1.5000000000000002
decision_type=2 2
left_child=-1 -2
right_child=1 -3
leaf_value=-0.0082120814855588375 -0.00070225033980965445 0.0036947430441107393
leaf_weight=0.39995638537220646 2.4738834500349185 1.3591600058862243
leaf_count=34 171 143
internal_value=0 0.000856881
internal_weight=0 3.83304
internal_count=348 314
is_linear=0
shrinkage=0.1


Tree=89
num_leaves=3
num_cat=0
split_feature=1 0
split_gain=0.00249223 0.00170595
threshold=-0.44433636635207563 1.5000000000000002
decision_type=2 2
left_child=-1 -2
right_child=1 -3
leaf_value=-0.0075089964428289293 -0.00077967478590854034 0.0036307790334706978
leaf_weight=0.40020749939139921 2.4733544530317886 1.3588071178528482
leaf_count=34 171 143
internal_value=0 0.000784183
internal_weight=0 3.83216
internal_count=348 314
is_linear=0
shrinkage=0.1


Tree=90
num_leaves=3
num_cat=0
split_feature=1 0
split_gain=0.00206362 0.00171584
threshold=-0.44433636635207563 1.5000000000000002
decision_type=2 2
left_child=-1 -2
right_child=1 -3
leaf_value=-0.0068291057431384833 -0.00085448578758049267 0.0035692430677557001
leaf_weight=0.40060097840614606 2.4728000206559955 1.3584858966059985
leaf_count=34 171 143
internal_value=0 0.000714067
internal_weight=0 3.83129
internal_count=348 314
is_linear=0
shrinkage=0.1


Tree=91
num_leaves=9
num_cat=0
split_feature=1 1 1 1 1 0 1 0
split_gain=0.00175622 0.00973078 0.00377493 0.0112716 0.0113897 0.00501348 0.00314849 0.00110591
threshold=-0.44365538253616704 -0.44252040950965282 -0.40279635358165389 -0.36466125989077486 -0.32255376060709601 1.5000000000000002 -0.43275964148163021 1.0000000180025095e-35
decision_type=2 2 2 2 2 2 2 2
left_child=-1 -2 6 -4 -5 7 -3 -6
right_child=1 2 3 4 5 -7 -8 -9
leaf_value=-0.001581912241399637 0.0070570703165806926 -0.0074712602296391015 0.044027001233617712 -0.059105654957160969 -0.0019921353621688053 0.027360009210755171 -0.033256313026489522 -0.027836769697061576
leaf_weight=2.6398352149408311 1.2044553430750964 0.088858415780123323 0.042671062110457236 0.041135312523692513 0.032004023494665468 0.046893451362848282 0.10138648547581364 0.034303396289033117
leaf_count=46 8 39 36 27 11 55 47 79
internal_value=0 0.0026236 -0.0111657 -0.00146339 -0.0140406 0.00233526 -0.0212128 -0.0153626
internal_weight=0 1.59171 0.387252 0.197007 0.154336 0.113201 0.190245 0.0663074
internal_count=348 302 294 208 172 145 86 90
is_linear=0
shrinkage=0.1


Tree=92
num_leaves=3
num_cat=0
split_feature=1 0
split_gain=0.00239179 0.00148179
threshold=-0.44433636635207563 1.5000000000000002
decision_type=2 2
left_child=-1 -2
right_child=1 -3
leaf_value=-0.0073728055104289487 -0.00068710235598150977 0.0034320948974837697
leaf_weight=0.39845685963518906 2.4709148296824424 1.3506649232585917
leaf_count=34 171 143
internal_value=0 0.00076875
internal_weight=0 3.82158
internal_count=348 314
is_linear=0
shrinkage=0.1


Tree=93
num_leaves=3
num_cat=0
split_feature=1 0
split_gain=0.0020056 0.00151489
threshold=-0.44433636635207563 1.5000000000000002
decision_type=2 2
left_child=-1 -2
right_child=1 -3
leaf_value=-0.0067491323712568696 -0.0007676998956679588 0.0033980211269728591
leaf_weight=0.39869142277166236 2.4704342378536239 1.3500282689637972
leaf_count=34 171 143
internal_value=0 0.000704332
internal_weight=0 3.82046
internal_count=348 314
is_linear=0
shrinkage=0.1


Tree=94
num_leaves=9
num_cat=0
split_feature=1 1 0 0 1 1 1 1
split_gain=0.00171243 0.00853229 0.0283582 0.0115266 0.010105 0.00318595 0.00959588 0.000115985
threshold=-0.44365538253616704 -0.44252040950965282 2.5000000000000004 1.5000000000000002 -0.40279635358165389 -0.41800499213694486 -0.24662406513329241 -0.19305333828181956
decision_type=2 2 2 2 2 2 2 2
left_child=-1 -2 3 5 -5 -3 -7 -8
right_child=1 2 -4 4 -6 6 7 -9
leaf_value=-0.0015583723691597441 0.006716798625457595 -0.0011873443319182948 -0.079523014862075525 -0.0073609153665660596 0.049473310306784771 -0.053101464491283203 0.013110638225320917 0.0030367424727992531
leaf_weight=2.6395151583710685 1.202774438075721 0.093251517624593938 0.051440842697047628 0.056730055250227451 0.069743413288961165 0.059398215031250978 0.021645021624862815 0.024214983299317261
leaf_count=46 8 36 46 26 68 36 14 68
internal_value=0 0.00260472 -0.0105344 0.000385599 0.0239801 -0.0146468 -0.026571 0.00779142
internal_weight=0 1.5792 0.376424 0.324983 0.126473 0.19851 0.105258 0.04586
internal_count=348 302 294 248 94 154 118 82
is_linear=0
shrinkage=0.1


Tree=95
num_leaves=7
num_cat=0
split_feature=1 1 1 0 1 1
split_gain=0.00177601 0.00610649 0.00358639 0.00674266 0.00278226 0.00219396
threshold=-0.44365538253616704 -0.44252040950965282 -0.35909989206085507 1.5000000000000002 -0.24015471888216114 -0.41550805147861353
decision_type=2 2 2 2 2 2
left_child=-1 -2 5 4 -4 -3
right_child=1 2 3 -5 -6 -7
leaf_value=-0.0015845807758763158 0.0061222248807256754 -0.0084508449025806291 -0.038407865200155537 0.030803875709710743 0.0010939732237654363 -0.028250695179527153
leaf_weight=2.6383205690653995 1.2004242511466143 0.14961365488125011 0.030277556565124208 0.056385334639344364 0.043372895270295531 0.089406317914835776
leaf_count=46 8 67 18 72 79 58
internal_value=0 0.00266366 -0.008586 0.00477899 -0.0151452 -0.0158571
internal_weight=0 1.56948 0.369056 0.130036 0.0736505 0.23902
internal_count=348 302 294 169 97 125
is_linear=0
shrinkage=0.1


Tree=96
num_leaves=3
num_cat=0
split_feature=1 0
split_gain=0.00197606 0.00122068
threshold=-0.44433636635207563 1.5000000000000002
decision_type=2 2
left_child=-1 -2
right_child=1 -3
leaf_value=-0.0067724313011084314 -0.00062516816060422713 0.003121944592871637
leaf_weight=0.39076679595746089 2.4685932628708542 1.3419863809103847
leaf_count=34 171 143
internal_value=0 0.000694467
internal_weight=0 3.81058
internal_count=348 314
is_linear=0
shrinkage=0.1


Tree=97
num_leaves=8
num_cat=0
split_feature=1 1 1 0 1 1 1
split_gain=0.00175866 0.0054193 0.00308563 0.00247019 0.00427648 0.00275309 7.7414e-05
threshold=-0.44365538253616704 -0.44252040950965282 -0.43888849582480716 1.5000000000000002 -0.35909989206085507 -0.24662406513329241 -0.19305333828181956
decision_type=2 2 2 2 2 2 2
left_child=-1 -2 -3 5 -5 -4 -7
right_child=1 2 3 4 -6 6 -8
leaf_value=-0.0015753355272874097 0.0059010480384307073 -0.026602172792050356 -0.023219961264211515 -0.007330517505278771 0.027264678891251799 0.011218422725137553 0.0029800732381362548
leaf_weight=2.6374559595715255 1.1993978745304046 0.071805689163738529 0.09169522367301397 0.098595983203267346 0.056041728734271934 0.021176863927394152 0.024721499721636286
leaf_count=46 8 29 49 62 72 14 68
internal_value=0 0.00265748 -0.00802914 -0.00346546 0.00520701 -0.0132122 0.00678113
internal_weight=0 1.56343 0.364037 0.292231 0.154638 0.137594 0.0458984
internal_count=348 302 294 265 134 131 82
is_linear=0
shrinkage=0.1


Tree=98
num_leaves=11
num_cat=0
split_feature=1 1 1 1 1 1 1 0 1 0
split_gain=0.00231079 0.0012216 0.00432753 0.00231043 0.00304147 0.00842619 0.00339935 0.00719899 0.00315385 0.00252792
threshold=-0.44433636635207563 -0.44365538253616704 -0.44252040950965282 -0.43888849582480716 -0.36466125989077486 -0.32255376060709601 -0.23096143736739566 1.0000000180025095e-35 -0.075924121945548428 1.5000000000000002
decision_type=2 2 2 2 2 2 2 2 2 2
left_child=-1 -2 -3 -4 9 -6 -7 -8 -9 -5
right_child=1 2 3 4 5 6 7 8 -10 -11
leaf_value=-0.0073548955077132249 -0.0007401683290072761 0.0057791583131058628 -0.022838247320712123 -0.0078542929113670935 -0.053721719737165968 0.018790576663605729 0.023044557304353858 -0.023207575597853185 -0.093840978409141573 0.01889639074995101
leaf_weight=0.38769441167823959 2.2512177340686321 1.1993310847319663 0.071528312662849203 0.061702206294285133 0.037600796087644994 0.054304651392158121 0.023010284698102734 0.014525294231134467 0.011192615151230711 0.08263779609114863
leaf_count=34 12 8 29 34 27 37 10 29 69 59
internal_value=0 0.000748996 0.00290375 -0.0067696 -0.00273638 -0.0132026 0.00158449 -0.0175907 -0.0539477 0.00746106
internal_weight=0 3.80705 1.55583 0.356502 0.284974 0.140634 0.103033 0.0487282 0.0257179 0.14434
internal_count=348 314 302 294 265 172 145 108 98 93
is_linear=0
shrinkage=0.1


Tree=99
num_leaves=11
num_cat=0
split_feature=1 1 1 1 1 1 1 0 1 1
split_gain=0.00217363 0.00115629 0.00402472 0.00222432 0.0104043 0.00488968 0.00294682 0.00595989 0.00316885 0.00245343
threshold=-0.44433636635207563 -0.44365538253616704 -0.44252040950965282 -0.40279635358165389 -0.37385454140554036 -0.32255376060709601 -0.23096143736739566 1.0000000180025095e-35 -0.075924121945548428 -0.43275964148163021
decision_type=2 2 2 2 2 2 2 2 2 2
left_child=-1 -2 -3 9 -5 -6 -7 -8 -9 -4
right_child=1 2 3 4 5 6 7 8 -10 -11
leaf_value=-0.0071500298838959187 -0.00071871302890868887 0.0055801012530888759 -0.0026003582453339356 0.053274344066120805 -0.039538993428792683 0.017416013050103776 0.019496532161474137 -0.021423149446797355 -0.095082400372244122 -0.026394119761731602
leaf_weight=0.38595607876777638 2.2525778561830521 1.1982953259721398 0.085492512647761032 0.03157643333543092 0.040553791477577761 0.054358545690774918 0.02321635390399035 0.014336410735268146 0.0098554271517059533 0.087884164211573079
leaf_count=34 12 8 39 27 36 37 10 29 69 47
internal_value=0 0.000726568 0.00283298 -0.00664617 0.00134503 -0.0101764 0.00152445 -0.0166969 -0.0514309 -0.0146614
internal_weight=0 3.79815 1.54557 0.347274 0.173897 0.142321 0.101767 0.0474082 0.0241918 0.173377
internal_count=348 314 302 294 208 181 145 108 98 86
is_linear=0
shrinkage=0.1


end of trees

feature_importances:
reviews=384
query_id=103
boughtInLastMonth=39

parameters:
[boosting: gbdt]
[objective: lambdarank]
[metric: ndcg]
[tree_learner: serial]
[device_type: cpu]
[data_sample_strategy: bagging]
[data: ]
[valid: ]
[num_iterations: 100]
[learning_rate: 0.1]
[num_leaves: 100]
[num_threads: 0]
[seed: 0]
[deterministic: 0]
[force_col_wise: 1]
[force_row_wise: 0]
[histogram_pool_size: -1]
[max_depth: -1]
[min_data_in_leaf: 40]
[min_sum_hessian_in_leaf: 0.001]
[bagging_fraction: 1]
[pos_bagging_fraction: 1]
[neg_bagging_fraction: 1]
[bagging_freq: 0]
[bagging_seed: 3]
[feature_fraction: 0.9]
[feature_fraction_bynode: 1]
[feature_fraction_seed: 2]
[extra_trees: 0]
[extra_seed: 6]
[early_stopping_round: 0]
[early_stopping_min_delta: 0]
[first_metric_only: 0]
[max_delta_step: 0]
[lambda_l1: 0]
[lambda_l2: 0]
[linear_lambda: 0]
[min_gain_to_split: 0]
[drop_rate: 0.1]
[max_drop: 50]
[skip_drop: 0.5]
[xgboost_dart_mode: 0]
[uniform_drop: 0]
[drop_seed: 4]
[top_rate: 0.2]
[other_rate: 0.1]
[min_data_per_group: 100]
[max_cat_threshold: 32]
[cat_l2: 10]
[cat_smooth: 10]
[max_cat_to_onehot: 4]
[top_k: 20]
[monotone_constraints: ]
[monotone_constraints_method: basic]
[monotone_penalty: 0]
[feature_contri: ]
[forcedsplits_filename: ]
[refit_decay_rate: 0.9]
[cegb_tradeoff: 1]
[cegb_penalty_split: 0]
[cegb_penalty_feature_lazy: ]
[cegb_penalty_feature_coupled: ]
[path_smooth: 0]
[interaction_constraints: ]
[verbosity: 1]
[saved_feature_importance_type: 0]
[use_quantized_grad: 0]
[num_grad_quant_bins: 4]
[quant_train_renew_leaf: 0]
[stochastic_rounding: 1]
[linear_tree: 0]
[max_bin: 255]
[max_bin_by_feature: ]
[min_data_in_bin: 3]
[bin_construct_sample_cnt: 200000]
[data_random_seed: 1]
[is_enable_sparse: 1]
[enable_bundle: 1]
[use_missing: 1]
[zero_as_missing: 0]
[feature_pre_filter: 1]
[pre_partition: 0]
[two_round: 0]
[header: 0]
[label_column: ]
[weight_column: ]
[group_column: ]
[ignore_column: ]
[categorical_feature: ]
[forcedbins_filename: ]
[precise_float_parser: 0]
[parser_config_file: ]
[objective_seed: 5]
[num_class: 1]
[is_unbalance: 0]
[scale_pos_weight: 1]
[sigmoid: 1]
[boost_from_average: 1]
[reg_sqrt: 0]
[alpha: 0.9]
[fair_c: 1]
[poisson_max_delta_step: 0.7]
[tweedie_variance_power: 1.5]
[lambdarank_truncation_level: 30]
[lambdarank_norm: 1]
[label_gain: ]
[lambdarank_position_bias_regularization: 0]
[eval_at: 1,3,5]
[multi_error_top_k: 1]
[auc_mu_weights: ]
[num_machines: 1]
[local_listen_port: 12400]
[time_out: 120]
[machine_list_filename: ]
[machines: ]
[gpu_platform_id: -1]
[gpu_device_id: -1]
[gpu_use_dp: 0]
[num_gpu: 1]

end of parameters

pandas_categorical:[]
